INFERNAL1/a [1.1 | October 2013]
NAME     RBS_H_pylori
DESC     Shine-Dalgarno sequences of the Helicobacter pylori sub-type
STATES   121
NODES    41
CLEN     39
W        85
ALPH     RNA
RF       no
CONS     yes
MAP      yes
DATE     Fri May 30 15:07:29 2014
COM      [1] /share/data/bin/cmbuild -F /share/data/people/ppg15/motifs/RBS_H_pylori/CM /share/data/people/ppg15/motifs/RBS_H_pylori/SEED
COM      [2] /share/data/bin/cmcalibrate --mpi --seed 1 /share/data/people/ppg15/motifs/RBS_H_pylori/CM
PBEGIN   0.05
PEND     0.05
WBETA    1e-07
QDBBETA1 1e-07
QDBBETA2 1e-15
N2OMEGA  1.52588e-05
N3OMEGA  1.52588e-05
ELSELF   -0.08926734
NSEQ     202
EFFN     202.000000
CKSUM    4021666473
NULL     0.000  0.000  0.000  0.000 
GA       15.00
EFP7GF   -8.2819 0.76188
ECMLC    0.32740   -13.33551     5.78659     1600000      628284  0.001910
ECMGC    0.35221    -7.50745     9.35254     1600000      151712  0.002637
ECMLI    0.35527    -8.69860     6.47300     1600000      263053  0.004562
ECMGI    0.35668    -6.78144     9.48458     1600000      132352  0.003022
CM
                                             [ ROOT    0 ]      -      - - - - -
     S     0    -1 0     1     4     1     1    85   155 -12.802 -13.009  -0.001 -11.423                 
    IL     1     1 2     1     4     1     7    87   157  -1.686  -2.369  -1.117  -4.855                  0.000  0.000  0.000  0.000 
    IR     2     2 3     2     3     1     6    87   157  -1.442  -0.798  -4.142                          0.000  0.000  0.000  0.000 
                                             [ MATL    1 ]      1      - a - - -
    ML     3     2 3     5     3     1    12    85   155 -10.996  -0.001 -10.996                          0.561 -0.709 -0.610  0.330 
     D     4     2 3     5     3     0     0    83   153 -11.551  -1.585  -0.585                         
    IL     5     5 3     5     3     1    10   100   171  -0.384  -2.121  -8.028                          0.000  0.000  0.000  0.000 
                                             [ MATL    2 ]      2      - a - - -
    ML     6     5 3     8     3     1    11    84   154 -10.996  -0.001 -10.996                          0.506 -0.774 -0.382  0.296 
     D     7     5 3     8     3     0     0    82   152 -11.551  -1.585  -0.585                         
    IL     8     8 3     8     3     1     9    99   169  -0.384  -2.121  -8.028                          0.000  0.000  0.000  0.000 
                                             [ MATL    3 ]      3      - a - - -
    ML     9     8 3    11     3     1    10    83   153 -10.996  -0.001 -10.996                          0.561 -0.497 -1.275  0.489 
     D    10     8 3    11     3     0     0    81   151 -11.551  -1.585  -0.585                         
    IL    11    11 3    11     3     1     8    98   168  -0.384  -2.121  -8.028                          0.000  0.000  0.000  0.000 
                                             [ MATL    4 ]      4      - u - - -
    ML    12    11 3    14     3     1     9    82   152 -10.996  -0.001 -10.996                          0.241 -1.080 -0.924  0.862 
     D    13    11 3    14     3     0     0    80   149 -11.551  -1.585  -0.585                         
    IL    14    14 3    14     3     1     7    97   167  -0.384  -2.121  -8.028                          0.000  0.000  0.000  0.000 
                                             [ MATL    5 ]      5      - u - - -
    ML    15    14 3    17     3     1     8    81   151 -10.996  -0.001 -10.996                          0.123 -0.555 -0.861  0.748 
     D    16    14 3    17     3     0     0    79   148 -11.551  -1.585  -0.585                         
    IL    17    17 3    17     3     1     6    96   166  -0.384  -2.121  -8.028                          0.000  0.000  0.000  0.000 
                                             [ MATL    6 ]      6      - a - - -
    ML    18    17 3    20     3     1     8    80   150 -10.996  -0.001 -10.996                          0.743 -0.738 -2.027  0.567 
     D    19    17 3    20     3     0     0    77   147 -11.551  -1.585  -0.585                         
    IL    20    20 3    20     3     1     6    95   165  -0.384  -2.121  -8.028                          0.000  0.000  0.000  0.000 
                                             [ MATL    7 ]      7      - a - - -
    ML    21    20 3    23     3     1     7    79   148 -10.996  -0.001 -10.996                          0.899 -1.204 -1.524  0.437 
     D    22    20 3    23     3     0     0    76   146 -11.551  -1.585  -0.585                         
    IL    23    23 3    23     3     1     5    94   164  -0.384  -2.121  -8.028                          0.000  0.000  0.000  0.000 
                                             [ MATL    8 ]      8      - a - - -
    ML    24    23 3    26     3     1     6    78   147 -10.996  -0.001 -10.996                          0.956 -0.791 -1.346  0.122 
     D    25    23 3    26     3     0     0    75   145 -11.551  -1.585  -0.585                         
    IL    26    26 3    26     3     1     4    93   163  -0.384  -2.121  -8.028                          0.000  0.000  0.000  0.000 
                                             [ MATL    9 ]      9      - a - - -
    ML    27    26 3    29     3     1     6    76   146 -10.996  -0.001 -10.996                          0.997 -1.062 -1.847  0.319 
     D    28    26 3    29     3     0     0    74   144 -11.551  -1.585  -0.585                         
    IL    29    29 3    29     3     1     3    92   162  -0.384  -2.121  -8.028                          0.000  0.000  0.000  0.000 
                                             [ MATL   10 ]     10      - a - - -
    ML    30    29 3    32     3     1     5    75   145 -10.996  -0.001 -10.996                          0.760 -1.080 -1.976  0.659 
     D    31    29 3    32     3     0     0    73   143 -11.551  -1.585  -0.585                         
    IL    32    32 3    32     3     1     2    91   161  -0.384  -2.121  -8.028                          0.000  0.000  0.000  0.000 
                                             [ MATL   11 ]     11      - u - - -
    ML    33    32 3    35     3     1     4    74   144 -10.996  -0.001 -10.996                          0.406 -0.286 -2.512  0.748 
     D    34    32 3    35     3     0     0    72   141 -11.551  -1.585  -0.585                         
    IL    35    35 3    35     3     1     2    90   160  -0.384  -2.121  -8.028                          0.000  0.000  0.000  0.000 
                                             [ MATL   12 ]     12      - u - - -
    ML    36    35 3    38     3     1     4    73   143 -10.996  -0.001 -10.996                          0.244 -0.609 -2.540  0.991 
     D    37    35 3    38     3     0     0    71   140 -11.551  -1.585  -0.585                         
    IL    38    38 3    38     3     1     1    89   159  -0.384  -2.121  -8.028                          0.000  0.000  0.000  0.000 
                                             [ MATL   13 ]     13      - U - - -
    ML    39    38 3    41     3     1     3    72   142 -10.996  -0.001 -10.996                         -0.126 -0.666 -1.472  1.066 
     D    40    38 3    41     3     0     0    69   139 -11.551  -1.585  -0.585                         
    IL    41    41 3    41     3     1     1    88   158  -0.384  -2.121  -8.028                          0.000  0.000  0.000  0.000 
                                             [ MATL   14 ]     14      - u - - -
    ML    42    41 3    44     3     1     3    71   140 -10.996  -0.001 -10.996                          0.386 -0.686 -2.125  0.882 
     D    43    41 3    44     3     0     0    68   138 -11.551  -1.585  -0.585                         
    IL    44    44 3    44     3     1     1    87   157  -0.384  -2.121  -8.028                          0.000  0.000  0.000  0.000 
                                             [ MATL   15 ]     15      - a - - -
    ML    45    44 3    47     3     1     2    70   139 -10.996  -0.001 -10.996                          0.794 -1.362 -2.313  0.745 
     D    46    44 3    47     3     0     0    67   137 -11.551  -1.585  -0.585                         
    IL    47    47 3    47     3     1     1    86   156  -0.384  -2.121  -8.028                          0.000  0.000  0.000  0.000 
                                             [ MATL   16 ]     16      - a - - -
    ML    48    47 3    50     3     1     2    68   138 -10.996  -0.001 -10.996                          0.740 -1.176 -2.153  0.733 
     D    49    47 3    50     3     0     0    66   136 -11.551  -1.585  -0.585                         
    IL    50    50 3    50     3     1     1    85   155  -0.384  -2.121  -8.028                          0.000  0.000  0.000  0.000 
                                             [ MATL   17 ]     17      - a - - -
    ML    51    50 3    53     3     1     2    67   137 -10.996  -0.001 -10.996                          0.914 -2.374 -2.146  0.763 
     D    52    50 3    53     3     0     0    65   134 -11.551  -1.585  -0.585                         
    IL    53    53 3    53     3     1     1    84   154  -0.384  -2.121  -8.028                          0.000  0.000  0.000  0.000 
                                             [ MATL   18 ]     18      - a - - -
    ML    54    53 3    56     3     1     1    66   136 -10.996  -0.001 -10.996                          0.733 -1.339 -1.802  0.728 
     D    55    53 3    56     3     0     0    64   133 -11.551  -1.585  -0.585                         
    IL    56    56 3    56     3     1     1    83   153  -0.384  -2.121  -8.028                          0.000  0.000  0.000  0.000 
                                             [ MATL   19 ]     19      - A - - -
    ML    57    56 3    59     3     1     1    65   134 -10.996  -0.001 -10.996                          1.017 -1.544 -2.289  0.515 
     D    58    56 3    59     3     0     0    62   132 -11.551  -1.585  -0.585                         
    IL    59    59 3    59     3     1     1    82   151  -0.384  -2.121  -8.028                          0.000  0.000  0.000  0.000 
                                             [ MATL   20 ]     20      - A - - -
    ML    60    59 3    62     3     1     1    64   133 -10.996  -0.001 -10.996                          1.867 -8.992 -2.120 -3.046 
     D    61    59 3    62     3     0     0    61   131 -11.551  -1.585  -0.585                         
    IL    62    62 3    62     3     1     1    81   150  -0.384  -2.121  -8.028                          0.000  0.000  0.000  0.000 
                                             [ MATL   21 ]     21      - A - - -
    ML    63    62 3    65     3     1     1    62   132 -10.996  -0.001 -10.996                          1.704 -10.540 -0.436 -10.188 
     D    64    62 3    65     3     0     0    60   129 -11.551  -1.585  -0.585                         
    IL    65    65 3    65     3     1     1    80   149  -0.384  -2.121  -8.028                          0.000  0.000  0.000  0.000 
                                             [ MATL   22 ]     22      - G - - -
    ML    66    65 3    68     3     1     1    61   131 -10.996  -0.001 -10.996                         -0.210 -4.232  1.620 -6.923 
     D    67    65 3    68     3     0     0    59   128 -11.551  -1.585  -0.585                         
    IL    68    68 3    68     3     1     1    79   148  -0.384  -2.121  -8.028                          0.000  0.000  0.000  0.000 
                                             [ MATL   23 ]     23      - G - - -
    ML    69    68 3    71     3     1     1    60   129 -10.996  -0.001 -10.996                         -1.013 -8.780  1.807 -8.428 
     D    70    68 3    71     3     0     0    58   127 -11.551  -1.585  -0.585                         
    IL    71    71 3    71     3     1     1    77   147  -0.384  -2.121  -8.028                          0.000  0.000  0.000  0.000 
                                             [ MATL   24 ]     24      - a - - -
    ML    72    71 3    74     3     1     1    59   128 -10.996  -0.001 -10.996                          0.896 -3.436  0.862 -2.125 
     D    73    71 3    74     3     0     0    56   126 -11.551  -1.585  -0.585                         
    IL    74    74 3    74     3     1     1    76   146  -0.384  -2.121  -8.028                          0.000  0.000  0.000  0.000 
                                             [ MATL   25 ]     25      - a - - -
    ML    75    74 3    77     3     1     1    57   127 -10.996  -0.001 -10.996                          0.582 -1.925  0.371 -0.079 
     D    76    74 3    77     3     0     0    55   124 -11.551  -1.585  -0.585                         
    IL    77    77 3    77     3     1     1    75   145  -0.384  -2.121  -8.028                          0.000  0.000  0.000  0.000 
                                             [ MATL   26 ]     26      - u - - -
    ML    78    77 3    80     3     1     1    56   126 -10.996  -0.001 -10.996                          0.704 -1.997 -1.144  0.739 
     D    79    77 3    80     3     0     0    54   123 -11.551  -1.585  -0.585                         
    IL    80    80 3    80     3     1     1    74   144  -0.384  -2.121  -8.028                          0.000  0.000  0.000  0.000 
                                             [ MATL   27 ]     27      - a - - -
    ML    81    80 3    83     3     1     1    55   124 -10.996  -0.001 -10.996                          0.927 -1.734 -1.575  0.548 
     D    82    80 3    83     3     0     0    52   122 -11.551  -1.585  -0.585                         
    IL    83    83 3    83     3     1     1    73   143  -0.384  -2.121  -8.028                          0.000  0.000  0.000  0.000 
                                             [ MATL   28 ]     28      - a - - -
    ML    84    83 3    86     3     1     1    53   123 -10.996  -0.001 -10.996                          0.826 -1.651 -1.022  0.502 
     D    85    83 3    86     3     0     0    51   120 -11.551  -1.585  -0.585                         
    IL    86    86 3    86     3     1     1    72   142  -0.384  -2.121  -8.028                          0.000  0.000  0.000  0.000 
                                             [ MATL   29 ]     29      - u - - -
    ML    87    86 3    89     3     1     1    52   121 -10.996  -0.001 -10.996                          0.034 -0.742 -0.276  0.635 
     D    88    86 3    89     3     0     0    50   119 -11.551  -1.585  -0.585                         
    IL    89    89 3    89     3     1     1    71   141  -0.384  -2.121  -8.028                          0.000  0.000  0.000  0.000 
                                             [ MATL   30 ]     30      - c - - -
    ML    90    89 3    92     3     1     1    51   120 -10.996  -0.001 -10.996                          0.201  0.981 -2.253 -0.585 
     D    91    89 3    92     3     0     0    48   118 -11.551  -1.585  -0.585                         
    IL    92    92 3    92     3     1     1    70   140  -0.384  -2.121  -8.028                          0.000  0.000  0.000  0.000 
                                             [ MATL   31 ]     31      - A - - -
    ML    93    92 3    95     3     1     1    49   119 -10.996  -0.001 -10.996                          1.974 -10.554 -3.839 -10.199 
     D    94    92 3    95     3     0     0    47   116 -11.551  -1.585  -0.585                         
    IL    95    95 3    95     3     1     1    69   139  -0.384  -2.121  -8.028                          0.000  0.000  0.000  0.000 
                                             [ MATL   32 ]     32      - U - - -
    ML    96    95 3    98     3     1     1    48   117 -10.996  -0.001 -10.996                         -8.986 -9.156 -9.069  1.998 
     D    97    95 3    98     3     0     0    45   115 -11.551  -1.585  -0.585                         
    IL    98    98 3    98     3     1     1    68   138  -0.384  -2.121  -8.028                          0.000  0.000  0.000  0.000 
                                             [ MATL   33 ]     33      - G - - -
    ML    99    98 3   101     3     1     1    46   115 -10.996  -0.001 -10.996                         -9.107 -10.626  1.999 -10.238 
     D   100    98 3   101     3     0     0    44   113 -11.551  -1.585  -0.585                         
    IL   101   101 3   101     3     1     1    67   137  -0.384  -2.121  -8.028                          0.000  0.000  0.000  0.000 
                                             [ MATL   34 ]     34      - c - - -
    ML   102   101 3   104     3     1     1    44   114 -10.996  -0.001 -10.996                          0.258  0.463  0.224 -1.956 
     D   103   101 3   104     3     0     0    42   111 -11.551  -1.585  -0.585                         
    IL   104   104 3   104     3     1     1    66   135  -0.384  -2.121  -8.028                          0.000  0.000  0.000  0.000 
                                             [ MATL   35 ]     35      - A - - -
    ML   105   104 3   107     3     1     1    43   112 -10.996  -0.001 -10.996                          1.031 -0.105 -1.281 -0.701 
     D   106   104 3   107     3     0     0    40   109 -11.551  -1.585  -0.585                         
    IL   107   107 3   107     3     1     1    65   134  -0.384  -2.121  -8.028                          0.000  0.000  0.000  0.000 
                                             [ MATL   36 ]     36      - A - - -
    ML   108   107 3   110     3     1     1    41   110 -10.996  -0.001 -10.996                          1.321 -1.739 -3.350  0.143 
     D   109   107 3   110     3     0     0    38   107 -11.551  -1.585  -0.585                         
    IL   110   110 3   110     3     1     1    64   133  -0.384  -2.121  -8.028                          0.000  0.000  0.000  0.000 
                                             [ MATL   37 ]     37      - a - - -
    ML   111   110 3   113     3     1     1    38   107 -10.996  -0.001 -10.996                          0.776 -1.502  0.391 -0.682 
     D   112   110 3   113     3     0     0    36   105 -11.551  -1.585  -0.585                         
    IL   113   113 3   113     3     1     1    63   132  -0.384  -2.121  -8.028                          0.000  0.000  0.000  0.000 
                                             [ MATL   38 ]     38      - A - - -
    ML   114   113 3   116     3     1     1    34   104 -10.996  -0.001 -10.996                          1.209 -1.105 -2.208  0.010 
     D   115   113 3   116     3     0     0    32   101 -11.551  -1.585  -0.585                         
    IL   116   116 3   116     3     1     1    62   131  -0.384  -2.121  -8.028                          0.000  0.000  0.000  0.000 
                                             [ MATL   39 ]     39      - a - - -
    ML   117   116 3   119     2     1     1     1     1       *   0.000                                  0.735 -1.150 -1.271  0.557 
     D   118   116 3   119     2     0     0     0     0       *   0.000                                 
    IL   119   119 3   119     2     1     1    13    28  -1.823  -0.479                                  0.000  0.000  0.000  0.000 
                                             [ END    40 ]      -      - - - - -
     E   120   119 3    -1     0     0     0     0     0                                                 
//
HMMER3/f [i1.1 | October 2013]
NAME  RBS_H_pylori
DESC  Shine-Dalgarno sequences of the Helicobacter pylori sub-type
LENG  39
MAXL  85
ALPH  RNA
RF    no
MM    no
CONS  yes
CS    yes
MAP   no
DATE  Fri May 30 15:07:29 2014
COM   [1] /share/data/bin/cmbuild -F /share/data/people/ppg15/motifs/RBS_H_pylori/CM /share/data/people/ppg15/motifs/RBS_H_pylori/SEED
COM   [2] /share/data/bin/cmbuild -F /share/data/people/ppg15/motifs/RBS_H_pylori/CM /share/data/people/ppg15/motifs/RBS_H_pylori/SEED
NSEQ  202
EFFN  202.000000
STATS LOCAL MSV       -8.3723  0.76188
STATS LOCAL VITERBI   -8.6125  0.76188
STATS LOCAL FORWARD   -2.4335  0.76188
HMM          A        C        G        U   
            m->m     m->i     m->d     i->m     i->i     d->m     d->d
  COMPO   0.90750  2.12061  1.73012  1.20649
          1.38629  1.38629  1.38629  1.38629
          0.00052  8.87333  7.88816  0.39730  1.11515  0.00000        *
      1   0.99719  1.87741  1.80937  1.15727      - a - - :
          1.38629  1.38629  1.38629  1.38629
          0.00098  7.62169  7.62169  1.46634  0.26236  1.09861  0.40547
      2   1.03530  1.92288  1.65123  1.18130      - a - - :
          1.38629  1.38629  1.38629  1.38629
          0.00098  7.62169  7.62169  1.46634  0.26236  1.09861  0.40547
      3   0.99754  1.73076  2.27028  1.04759      - a - - :
          1.38629  1.38629  1.38629  1.38629
          0.00098  7.62169  7.62169  1.46634  0.26236  1.09861  0.40547
      4   1.21891  2.13475  2.02706  0.78866      - u - - :
          1.38629  1.38629  1.38629  1.38629
          0.00098  7.62169  7.62169  1.46634  0.26236  1.09861  0.40547
      5   1.30106  1.77074  1.98295  0.86776      - u - - :
          1.38629  1.38629  1.38629  1.38629
          0.00098  7.62169  7.62169  1.46634  0.26236  1.09861  0.40547
      6   0.87148  1.89798  2.79107  0.99306      - a - - :
          1.38629  1.38629  1.38629  1.38629
          0.00098  7.62169  7.62169  1.46634  0.26236  1.09861  0.40547
      7   0.76347  2.22065  2.44267  1.08327      - a - - :
          1.38629  1.38629  1.38629  1.38629
          0.00098  7.62169  7.62169  1.46634  0.26236  1.09861  0.40547
      8   0.72346  1.93465  2.31895  1.30167      - a - - :
          1.38629  1.38629  1.38629  1.38629
          0.00098  7.62169  7.62169  1.46634  0.26236  1.09861  0.40547
      9   0.69557  2.12245  2.66623  1.16489      - a - - :
          1.38629  1.38629  1.38629  1.38629
          0.00098  7.62169  7.62169  1.46634  0.26236  1.09861  0.40547
     10   0.85937  2.13458  2.75589  0.92957      - a - - :
          1.38629  1.38629  1.38629  1.38629
          0.00098  7.62169  7.62169  1.46634  0.26236  1.09861  0.40547
     11   1.10465  1.58465  3.12769  0.86789      - u - - :
          1.38629  1.38629  1.38629  1.38629
          0.00098  7.62169  7.62169  1.46634  0.26236  1.09861  0.40547
     12   1.21693  1.80840  3.14684  0.69925      - u - - :
          1.38629  1.38629  1.38629  1.38629
          0.00098  7.62169  7.62169  1.46634  0.26236  1.09861  0.40547
     13   1.47347  1.84810  2.40691  0.64771      - U - - :
          1.38629  1.38629  1.38629  1.38629
          0.00098  7.62169  7.62169  1.46634  0.26236  1.09861  0.40547
     14   1.11885  1.86166  2.85937  0.77517      - u - - :
          1.38629  1.38629  1.38629  1.38629
          0.00098  7.62169  7.62169  1.46634  0.26236  1.09861  0.40547
     15   0.83628  2.33053  2.98932  0.86961      - a - - :
          1.38629  1.38629  1.38629  1.38629
          0.00098  7.62169  7.62169  1.46634  0.26236  1.09861  0.40547
     16   0.87313  2.20177  2.87876  0.87816      - a - - :
          1.38629  1.38629  1.38629  1.38629
          0.00098  7.62169  7.62169  1.46634  0.26236  1.09861  0.40547
     17   0.75309  3.03177  2.87394  0.85712      - a - - :
          1.38629  1.38629  1.38629  1.38629
          0.00098  7.62169  7.62169  1.46634  0.26236  1.09861  0.40547
     18   0.87850  2.31448  2.63541  0.88167      - a - - :
          1.38629  1.38629  1.38629  1.38629
          0.00098  7.62169  7.62169  1.46634  0.26236  1.09861  0.40547
     19   0.68161  2.45654  2.97325  1.02910      - A - - :
          1.38629  1.38629  1.38629  1.38629
          0.00098  7.62169  7.62169  1.46634  0.26236  1.09861  0.40547
     20   0.09240  7.61936  2.85583  3.49788      - A - - :
          1.38629  1.38629  1.38629  1.38629
          0.00098  7.62169  7.62169  1.46634  0.26236  1.09861  0.40547
     21   0.20485  8.69236  1.68820  8.44830      - A - - :
          1.38629  1.38629  1.38629  1.38629
          0.00098  7.62169  7.62169  1.46634  0.26236  1.09861  0.40547
     22   1.53193  4.31978  0.26329  6.18521      - G - - :
          1.38629  1.38629  1.38629  1.38629
          0.00098  7.62169  7.62169  1.46634  0.26236  1.09861  0.40547
     23   2.08863  7.47224  0.13370  7.22832      - G - - :
          1.38629  1.38629  1.38629  1.38629
          0.00098  7.62169  7.62169  1.46634  0.26236  1.09861  0.40547
     24   0.76516  3.76817  0.78891  2.85940      - a - - :
          1.38629  1.38629  1.38629  1.38629
          0.00098  7.62169  7.62169  1.46634  0.26236  1.09861  0.40547
     25   0.98262  2.72087  1.12939  1.44129      - a - - :
          1.38629  1.38629  1.38629  1.38629
          0.00098  7.62169  7.62169  1.46634  0.26236  1.09861  0.40547
     26   0.89860  2.77055  2.17952  0.87434      - u - - :
          1.38629  1.38629  1.38629  1.38629
          0.00098  7.62169  7.62169  1.46634  0.26236  1.09861  0.40547
     27   0.74373  2.58798  2.47787  1.00630      - a - - :
          1.38629  1.38629  1.38629  1.38629
          0.00098  7.62169  7.62169  1.46634  0.26236  1.09861  0.40547
     28   0.81351  2.53047  2.09441  1.03864      - a - - :
          1.38629  1.38629  1.38629  1.38629
          0.00098  7.62169  7.62169  1.46634  0.26236  1.09861  0.40547
     29   1.36305  1.90088  1.57746  0.94627      - u - - :
          1.38629  1.38629  1.38629  1.38629
          0.00098  7.62169  7.62169  1.46634  0.26236  1.09861  0.40547
     30   1.24678  0.70621  2.94801  1.79206      - c - - :
          1.38629  1.38629  1.38629  1.38629
          0.00098  7.62169  7.62169  1.46634  0.26236  1.09861  0.40547
     31   0.01801  8.70188  4.04721  8.45550      - A - - :
          1.38629  1.38629  1.38629  1.38629
          0.00098  7.62169  7.62169  1.46634  0.26236  1.09861  0.40547
     32   7.61489  7.73278  7.67253  0.00140      - U - - :
          1.38629  1.38629  1.38629  1.38629
          0.00098  7.62169  7.62169  1.46634  0.26236  1.09861  0.40547
     33   7.69882  8.75145  0.00082  8.48289      - G - - :
          1.38629  1.38629  1.38629  1.38629
          0.00098  7.62169  7.62169  1.46634  0.26236  1.09861  0.40547
     34   1.20750  1.06506  1.23137  2.74178      - c - - :
          1.38629  1.38629  1.38629  1.38629
          0.00098  7.62169  7.62169  1.46634  0.26236  1.09861  0.40547
     35   0.67146  1.45913  2.27447  1.87244      - A - - :
          1.38629  1.38629  1.38629  1.38629
          0.00098  7.62169  7.62169  1.46634  0.26236  1.09861  0.40547
     36   0.47072  2.59169  3.70839  1.28723      - A - - :
          1.38629  1.38629  1.38629  1.38629
          0.00098  7.62169  7.62169  1.46634  0.26236  1.09861  0.40547
     37   0.84844  2.42774  1.11510  1.85918      - a - - :
          1.38629  1.38629  1.38629  1.38629
          0.00098  7.62169  7.62169  1.46634  0.26236  1.09861  0.40547
     38   0.54830  2.15224  2.91691  1.37935      - A - - :
          1.38629  1.38629  1.38629  1.38629
          0.00098  7.62169  7.62169  1.46634  0.26236  1.09861  0.40547
     39   0.87716  2.18318  2.26745  1.00027      - a - - :
          1.38629  1.38629  1.38629  1.38629
                *  0.00000        *  0.45905  0.99935  0.00000        *
//
