INFERNAL1/a [1.1 | October 2013]
NAME     sarcin-ricin-1
DESC     Sarcin-ricin motif 1
STATES   127
NODES    30
CLEN     41
W        86
ALPH     RNA
RF       no
CONS     yes
MAP      yes
DATE     Fri May 30 16:08:03 2014
COM      [1] /share/data/bin/cmbuild -F /share/data/people/ppg15/motifs/sarcin-ricin-1/CM /share/data/people/ppg15/motifs/sarcin-ricin-1/SEED
COM      [2] /share/data/bin/cmcalibrate --mpi --seed 1 /share/data/people/ppg15/motifs/sarcin-ricin-1/CM
PBEGIN   0.05
PEND     0.05
WBETA    1e-07
QDBBETA1 1e-07
QDBBETA2 1e-15
N2OMEGA  1.52588e-05
N3OMEGA  1.52588e-05
ELSELF   -0.08926734
NSEQ     11
EFFN     11.000000
CKSUM    3956634176
NULL     0.000  0.000  0.000  0.000 
GA       15.00
EFP7GF   -5.1702 0.73368
ECMLC    0.64095    -4.84804     4.04889     1600000      359538  0.003338
ECMGC    0.47888   -11.07010     1.28480     1600000      148445  0.002695
ECMLI    0.66248    -3.22694     4.82381     1600000      248587  0.004827
ECMGI    0.52439    -8.40394     2.59007     1600000      127598  0.003135
CM
                                             [ ROOT    0 ]      -      - - - - -
     S     0    -1 0     1     4     1     1    86   142  -8.786  -8.993  -0.015  -7.407                 
    IL     1     1 2     1     4     1     8    89   144  -1.686  -2.369  -1.117  -4.855                  0.000  0.000  0.000  0.000 
    IR     2     2 3     2     3     1     8    88   143  -1.442  -0.798  -4.142                          0.000  0.000  0.000  0.000 
                                             [ MATL    1 ]      2      - c - - -
    ML     3     2 3     5     3     1     9    86   142  -9.726  -0.006  -8.380                         -0.236  0.505  0.410 -1.312 
     D     4     2 3     5     3     0     3    84   140  -6.174  -1.687  -0.566                         
    IL     5     5 3     5     3     1     7    87   142  -1.442  -0.798  -4.142                          0.000  0.000  0.000  0.000 
                                             [ MATL    2 ]      3      - g - - -
    ML     6     5 3     8     3     1     9    85   141  -9.726  -0.006  -8.380                         -1.233  0.002  0.463  0.256 
     D     7     5 3     8     3     0     2    84   139  -6.174  -1.687  -0.566                         
    IL     8     8 3     8     3     1     6    86   142  -1.442  -0.798  -4.142                          0.000  0.000  0.000  0.000 
                                             [ MATL    3 ]      4      - a - - -
    ML     9     8 3    11     3     1     8    84   140 -10.049  -0.006  -8.366                          0.576 -0.041 -0.881 -0.007 
     D    10     8 3    11     3     0     2    83   138  -5.620  -0.734  -1.403                         
    IL    11    11 3    11     3     1     5    85   140  -1.925  -0.554  -4.164                          0.000  0.000  0.000  0.000 
                                             [ MATR    4 ]      -     50 - A - -
    MR    12    11 3    14     3     1     7    83   139 -10.049  -0.006  -8.366                          1.085 -3.761  0.774 -3.402 
     D    13    11 3    14     3     0     0    81   137  -6.390  -1.568  -0.620                         
    IR    14    14 3    14     3     1     4    84   139  -1.925  -0.554  -4.164                          0.000  0.000  0.000  0.000 
                                             [ MATR    5 ]      -     49 - a - -
    MR    15    14 3    17     3     1     7    82   138 -10.049  -0.006  -8.366                          0.935 -1.255  0.497 -1.957 
     D    16    14 3    17     3     0     0    80   136  -6.390  -1.568  -0.620                         
    IR    17    17 3    17     3     1     4    83   138  -1.925  -0.554  -4.164                          0.000  0.000  0.000  0.000 
                                             [ MATR    6 ]      -     48 - a - -
    MR    18    17 3    20     3     1     6    81   137 -10.049  -0.006  -8.366                          0.764  0.290 -0.555 -1.331 
     D    19    17 3    20     3     0     0    80   135  -6.390  -1.568  -0.620                         
    IR    20    20 3    20     3     1     3    82   137  -1.925  -0.554  -4.164                          0.000  0.000  0.000  0.000 
                                             [ MATR    7 ]      -     47 - A - -
    MR    21    20 3    23     5     1     5    80   136  -8.720  -0.013  -8.535  -8.747  -9.639          1.969 -5.467 -4.898 -5.150 
     D    22    20 3    23     5     0     0    79   134  -5.352  -0.707  -2.978  -4.409  -2.404         
    IR    23    23 3    23     5     1     2    81   136  -2.408  -0.496  -5.920  -4.087  -5.193          0.000  0.000  0.000  0.000 
                                             [ MATP    8 ]      5     46 A G - -
    MP    24    23 3    28     6     2     4    79   135 -10.095 -10.034  -0.011  -8.811  -9.091  -9.486 -5.641 -4.353  3.072 -0.675 -6.631 -7.836 -2.198 -5.724 -5.396  2.589 -5.994 -1.681 -2.639 -6.758 -4.132 -4.397 
    ML    25    23 3    28     6     1     1    78   133  -6.250  -6.596  -1.310  -1.005  -6.446  -3.975  0.368 -0.385 -0.191  0.094 
    MR    26    23 3    28     6     1     1    78   133  -6.988  -5.717  -1.625  -5.695  -0.829  -3.908  0.368 -0.385 -0.191  0.094 
     D    27    23 3    28     6     0     0    75   131  -9.049  -7.747  -3.544  -4.226  -4.244  -0.319 
    IL    28    28 5    28     6     1     2    79   134  -2.579  -2.842  -0.760  -4.497  -5.274  -4.934  0.000  0.000  0.000  0.000 
    IR    29    29 6    29     5     1     2    79   134  -2.408  -0.496  -5.920  -4.087  -5.193          0.000  0.000  0.000  0.000 
                                             [ MATP    9 ]      6     45 C G - -
    MP    30    29 6    34     4     2     2    78   133  -8.615  -9.861  -0.621  -1.530                 -5.928 -5.522 -5.630  2.455 -4.391 -6.177  3.176 -5.094 -5.580 -1.696 -5.906 -3.164 -0.821 -6.133 -2.039 -4.419 
    ML    31    29 6    34     4     1     1    77   132  -2.408  -4.532  -1.293  -1.473                  0.368 -0.385 -0.191  0.094 
    MR    32    29 6    34     4     1     1    77   132  -4.102 -12.528  -0.390  -2.485                  0.368 -0.385 -0.191  0.094 
     D    33    29 6    34     4     0     0    75   130 -12.737 -14.007  -2.036  -0.404                 
    IL    34    34 5    34     4     1     1    77   132  -2.817  -4.319  -0.613  -2.698                  0.000  0.000  0.000  0.000 
    IR    35    35 6    35     3     1     1    77   133  -1.925  -0.554  -4.164                          0.000  0.000  0.000  0.000 
                                             [ MATR   10 ]      -     44 - A - -
    MR    36    35 6    38     5     1     1    76   131  -8.161  -0.018  -7.977  -8.189  -9.081          1.943 -4.573 -4.038 -4.292 
     D    37    35 6    38     5     0     0    74   129  -7.926  -3.281  -0.229  -6.984  -4.978         
    IR    38    38 3    38     5     1     1    76   131  -2.408  -0.496  -5.920  -4.087  -5.193          0.000  0.000  0.000  0.000 
                                             [ MATP   11 ]      7     43 C G - -
    MP    39    38 3    43     6     2     2    75   130  -9.708  -9.647  -0.014  -8.424  -8.704  -9.099 -5.590 -5.645 -5.126 -1.731 -3.615 -5.423  3.563 -4.471 -5.168 -1.601 -5.393 -3.644  1.435 -5.550 -1.277 -3.959 
    ML    40    38 3    43     6     1     1    74   129  -9.099  -9.445  -0.125  -3.854  -9.295  -6.824 -3.384  1.877 -4.156 -2.513 
    MR    41    38 3    43     6     1     1    73   128  -6.988  -5.717  -1.625  -5.695  -0.829  -3.908  0.368 -0.385 -0.191  0.094 
     D    42    38 3    43     6     0     0    69   124  -9.049  -7.747  -3.544  -4.226  -4.244  -0.319 
    IL    43    43 5    43     6     1     1    74   130  -2.579  -2.842  -0.760  -4.497  -5.274  -4.934  0.000  0.000  0.000  0.000 
    IR    44    44 6    44     5     1     1    74   129  -2.408  -0.496  -5.920  -4.087  -5.193          0.000  0.000  0.000  0.000 
                                             [ MATP   12 ]      8     42 g c - -
    MP    45    44 6    49     6     2     2    73   128 -10.095 -10.034  -0.011  -8.811  -9.091  -9.486 -4.896 -4.397 -4.790 -0.494 -3.874 -5.449  2.474 -4.492 -4.799  2.571 -5.210 -2.080  1.457 -4.948 -1.404 -3.541 
    ML    46    44 6    49     6     1     1    71   126  -6.250  -6.596  -1.310  -1.005  -6.446  -3.975  0.368 -0.385 -0.191  0.094 
    MR    47    44 6    49     6     1     1    71   126  -6.988  -5.717  -1.625  -5.695  -0.829  -3.908  0.368 -0.385 -0.191  0.094 
     D    48    44 6    49     6     0     0    67   122  -9.049  -7.747  -3.544  -4.226  -4.244  -0.319 
    IL    49    49 5    49     6     1     1    72   128  -2.579  -2.842  -0.760  -4.497  -5.274  -4.934  0.000  0.000  0.000  0.000 
    IR    50    50 6    50     5     1     1    72   127  -2.408  -0.496  -5.920  -4.087  -5.193          0.000  0.000  0.000  0.000 
                                             [ MATP   13 ]      9     41 g c - -
    MP    51    50 6    55     6     2     2    71   126 -10.095 -10.034  -0.011  -8.811  -9.091  -9.486  1.973 -3.398 -4.460  1.043 -5.107 -5.245  0.727 -4.890 -4.660  2.743 -5.043 -1.022 -0.846 -4.493 -2.507 -3.391 
    ML    52    50 6    55     6     1     1    69   124  -6.250  -6.596  -1.310  -1.005  -6.446  -3.975  0.368 -0.385 -0.191  0.094 
    MR    53    50 6    55     6     1     1    69   124  -6.988  -5.717  -1.625  -5.695  -0.829  -3.908  0.368 -0.385 -0.191  0.094 
     D    54    50 6    55     6     0     0    65   120  -9.049  -7.747  -3.544  -4.226  -4.244  -0.319 
    IL    55    55 5    55     6     1     1    70   126  -2.579  -2.842  -0.760  -4.497  -5.274  -4.934  0.000  0.000  0.000  0.000 
    IR    56    56 6    56     5     1     1    70   125  -2.408  -0.496  -5.920  -4.087  -5.193          0.000  0.000  0.000  0.000 
                                             [ MATP   14 ]     10     40 g c - -
    MP    57    56 6    61     6     2     2    69   124 -10.095 -10.034  -0.011  -8.811  -9.091  -9.486 -5.258 -4.355  2.242 -0.695 -4.626 -5.729  1.653 -5.030 -5.192  2.630 -5.531 -1.994 -0.867 -5.281 -2.207 -3.962 
    ML    58    56 6    61     6     1     1    67   122  -6.250  -6.596  -1.310  -1.005  -6.446  -3.975  0.368 -0.385 -0.191  0.094 
    MR    59    56 6    61     6     1     1    67   122  -6.988  -5.717  -1.625  -5.695  -0.829  -3.908  0.368 -0.385 -0.191  0.094 
     D    60    56 6    61     6     0     0    63   119  -9.049  -7.747  -3.544  -4.226  -4.244  -0.319 
    IL    61    61 5    61     6     1     1    68   124  -2.579  -2.842  -0.760  -4.497  -5.274  -4.934  0.000  0.000  0.000  0.000 
    IR    62    62 6    62     5     1     1    68   124  -2.408  -0.496  -5.920  -4.087  -5.193          0.000  0.000  0.000  0.000 
                                             [ MATP   15 ]     11     39 u a - -
    MP    63    62 6    67     6     2     2    67   122 -10.095 -10.034  -0.011  -8.811  -9.091  -9.486 -4.318 -3.960 -4.334  0.857 -3.569 -5.135  1.455 -4.125 -4.304  1.785 -4.795 -1.694  2.733 -4.482 -1.119 -3.109 
    ML    64    62 6    67     6     1     1    65   121  -6.250  -6.596  -1.310  -1.005  -6.446  -3.975  0.368 -0.385 -0.191  0.094 
    MR    65    62 6    67     6     1     1    65   120  -6.988  -5.717  -1.625  -5.695  -0.829  -3.908  0.368 -0.385 -0.191  0.094 
     D    66    62 6    67     6     0     0    62   117  -9.049  -7.747  -3.544  -4.226  -4.244  -0.319 
    IL    67    67 5    67     6     1     1    66   122  -2.579  -2.842  -0.760  -4.497  -5.274  -4.934  0.000  0.000  0.000  0.000 
    IR    68    68 6    68     5     1     1    66   122  -2.408  -0.496  -5.920  -4.087  -5.193          0.000  0.000  0.000  0.000 
                                             [ MATP   16 ]     12     38 G A - -
    MP    69    68 6    73     6     2     2    65   120 -10.095 -10.034  -0.011  -8.811  -9.091  -9.486 -5.699 -4.424 -5.816 -0.736 -6.636 -8.146 -2.250 -5.744  3.653  0.942 -6.043 -1.730 -2.733 -6.994 -4.177 -4.447 
    ML    70    68 6    73     6     1     1    63   119  -6.250  -6.596  -1.310  -1.005  -6.446  -3.975  0.368 -0.385 -0.191  0.094 
    MR    71    68 6    73     6     1     1    63   119  -6.988  -5.717  -1.625  -5.695  -0.829  -3.908  0.368 -0.385 -0.191  0.094 
     D    72    68 6    73     6     0     0    61   116  -9.049  -7.747  -3.544  -4.226  -4.244  -0.319 
    IL    73    73 5    73     6     1     1    64   120  -2.579  -2.842  -0.760  -4.497  -5.274  -4.934  0.000  0.000  0.000  0.000 
    IR    74    74 6    74     5     1     1    64   120  -2.408  -0.496  -5.920  -4.087  -5.193          0.000  0.000  0.000  0.000 
                                             [ MATP   17 ]     13     37 A U - -
    MP    75    74 6    79     4     2     2    63   118  -8.615  -9.861  -0.024  -6.314                 -6.933 -5.655 -5.831  3.947 -8.408 -9.637 -4.074 -5.717 -6.695 -2.304 -7.319 -2.882 -4.341 -8.289 -5.946 -5.112 
    ML    76    74 6    79     4     1     1    62   117  -2.408  -4.532  -1.293  -1.473                  0.368 -0.385 -0.191  0.094 
    MR    77    74 6    79     4     1     1    62   117  -4.102 -12.528  -0.390  -2.485                  0.368 -0.385 -0.191  0.094 
     D    78    74 6    79     4     0     0    60   115 -12.737 -14.007  -2.036  -0.404                 
    IL    79    79 5    79     4     1     1    62   118  -2.817  -4.319  -0.613  -2.698                  0.000  0.000  0.000  0.000 
    IR    80    80 6    80     3     1     1    62   118  -1.925  -0.554  -4.164                          0.000  0.000  0.000  0.000 
                                             [ MATR   18 ]      -     36 - G - -
    MR    81    80 6    83     5     1     1    61   116  -8.720  -0.013  -8.535  -8.747  -9.639         -1.608 -4.498  1.833 -3.959 
     D    82    80 6    83     5     0     0    59   115  -5.352  -0.707  -2.978  -4.409  -2.404         
    IR    83    83 3    83     5     1     1    61   117  -2.408  -0.496  -5.920  -4.087  -5.193          0.000  0.000  0.000  0.000 
                                             [ MATP   19 ]     14     35 A A - -
    MP    84    83 3    88     6     2     2    60   115 -10.095 -10.034  -0.011  -8.811  -9.091  -9.486  3.076 -6.205 -5.925 -2.476  2.449 -6.248 -0.173 -5.274 -5.946 -2.601 -6.151 -3.991 -1.171 -6.521 -2.162 -4.787 
    ML    85    83 3    88     6     1     1    59   114  -6.250  -6.596  -1.310  -1.005  -6.446  -3.975  0.368 -0.385 -0.191  0.094 
    MR    86    83 3    88     6     1     1    58   114  -6.988  -5.717  -1.625  -5.695  -0.829  -3.908  0.368 -0.385 -0.191  0.094 
     D    87    83 3    88     6     0     0    56   112  -9.049  -7.747  -3.544  -4.226  -4.244  -0.319 
    IL    88    88 5    88     6     1     1    59   115  -2.579  -2.842  -0.760  -4.497  -5.274  -4.934  0.000  0.000  0.000  0.000 
    IR    89    89 6    89     5     1     1    59   115  -2.408  -0.496  -5.920  -4.087  -5.193          0.000  0.000  0.000  0.000 
                                             [ MATP   20 ]     15     34 C C - -
    MP    90    89 6    94     4     2     2    58   113  -8.786  -8.993  -0.626  -1.523                 -6.352 -6.571 -5.800 -2.913  0.086  3.350 -0.001  0.216 -5.893 -2.900 -6.061 -4.928 -0.993 -6.275 -1.982  0.526 
    ML    91    89 6    94     4     1     1    58   113  -3.758  -3.940  -0.507  -2.670                  0.368 -0.385 -0.191  0.094 
    MR    92    89 6    94     4     1     1    57   112  -4.809  -3.838  -1.706  -0.766                  0.368 -0.385 -0.191  0.094 
     D    93    89 6    94     4     0     0    56   111  -4.568  -4.250  -2.265  -0.520                 
    IL    94    94 5    94     4     1     1    59   114  -1.686  -2.369  -1.117  -4.855                  0.000  0.000  0.000  0.000 
    IR    95    95 6    95     3     1     1    58   114  -1.442  -0.798  -4.142                          0.000  0.000  0.000  0.000 
                                             [ MATL   21 ]     16      - U - - -
    ML    96    95 6    98     3     1     1    57   112  -9.475  -0.009  -7.793                         -3.608 -3.289 -4.398  1.914 
     D    97    95 6    98     3     0     0    55   110  -8.506  -3.619  -0.127                         
    IL    98    98 3    98     3     1     1    57   112  -1.925  -0.554  -4.164                          0.000  0.000  0.000  0.000 
                                             [ MATR   22 ]      -     33 - U - -
    MR    99    98 3   101     5     1     1    56   111  -8.161  -0.018  -7.977  -8.189  -9.081         -3.608 -3.289 -4.398  1.914 
     D   100    98 3   101     5     0     0    55   110  -7.926  -0.097  -5.553  -6.984  -4.978         
    IR   101   101 3   101     5     1     1    56   111  -2.408  -0.496  -5.920  -4.087  -5.193          0.000  0.000  0.000  0.000 
                                             [ MATP   23 ]     17     32 G C - -
    MP   102   101 3   106     6     2     2    55   110 -10.095 -10.034  -0.011  -8.811  -9.091  -9.486 -5.977 -4.184 -5.992 -0.895 -6.368 -5.707 -1.633 -6.284 -5.524  3.635 -5.797 -1.895  1.098 -5.519 -3.685 -4.887 
    ML   103   101 3   106     6     1     1    52   107  -6.250  -6.596  -1.310  -1.005  -6.446  -3.975  0.368 -0.385 -0.191  0.094 
    MR   104   101 3   106     6     1     1    51   107  -6.988  -5.717  -1.625  -5.695  -0.829  -3.908  0.368 -0.385 -0.191  0.094 
     D   105   101 3   106     6     0     0    48   103  -9.049  -7.747  -3.544  -4.226  -4.244  -0.319 
    IL   106   106 5   106     6     1     1    54   109  -2.579  -2.842  -0.760  -4.497  -5.274  -4.934  0.000  0.000  0.000  0.000 
    IR   107   107 6   107     5     1     1    54   109  -2.408  -0.496  -5.920  -4.087  -5.193          0.000  0.000  0.000  0.000 
                                             [ MATP   24 ]     18     31 A U - -
    MP   108   107 6   112     4     2     2    53   108  -8.786  -1.540  -0.626  -7.407                 -6.933 -5.655 -5.831  3.947 -8.408 -9.637 -4.074 -5.717 -6.695 -2.304 -7.319 -2.882 -4.341 -8.289 -5.946 -5.112 
    ML   109   107 6   112     4     1     1    48   103  -3.758  -3.940  -0.507  -2.670                  0.368 -0.385 -0.191  0.094 
    MR   110   107 6   112     4     1     1    48   103  -4.809  -3.838  -1.706  -0.766                  0.368 -0.385 -0.191  0.094 
     D   111   107 6   112     4     0     0    46   101  -4.568  -4.250  -2.265  -0.520                 
    IL   112   112 5   112     4     1     1    52   107  -1.686  -2.369  -1.117  -4.855                  0.000  0.000  0.000  0.000 
    IR   113   113 6   113     3     1     1    54   109  -0.480  -1.846  -7.671                          0.000  0.000  0.000  0.000 
                                             [ MATL   25 ]     19      - A - - -
    ML   114   113 6   116     3     1     1    25    50  -1.574  -0.597  -8.380                          1.186 -0.153 -0.947 -1.706 
     D   115   113 6   116     3     0     0    20    45  -6.174  -1.687  -0.566                         
    IL   116   116 3   116     3     1     1    25    50  -1.062  -0.966  -6.791                          0.000  0.000  0.000  0.000 
                                             [ MATL   26 ]     24      - G - - -
    ML   117   116 3   119     3     1     1    14    32  -9.726  -0.006  -8.380                          0.739 -3.665  1.103 -3.267 
     D   118   116 3   119     3     0     0    15    33  -6.174  -1.687  -0.566                         
    IL   119   119 3   119     3     1     1    19    37  -1.442  -0.798  -4.142                          0.000  0.000  0.000  0.000 
                                             [ MATL   27 ]     25      - C - - -
    ML   120   119 3   122     3     1     1    12    30  -9.726  -0.006  -8.380                         -4.997  1.959 -5.524 -4.086 
     D   121   119 3   122     3     0     0    13    32  -6.174  -1.687  -0.566                         
    IL   122   122 3   122     3     1     1    18    36  -1.442  -0.798  -4.142                          0.000  0.000  0.000  0.000 
                                             [ MATL   28 ]     26      - A - - -
    ML   123   122 3   125     2     1     1     1     1       *   0.000                                  1.257 -3.801  0.534 -3.474 
     D   124   122 3   125     2     0     0     0     0       *   0.000                                 
    IL   125   125 3   125     2     1     1    13    28  -1.823  -0.479                                  0.000  0.000  0.000  0.000 
                                             [ END    29 ]      -      - - - - -
     E   126   125 3    -1     0     0     0     0     0                                                 
//
HMMER3/f [i1.1 | October 2013]
NAME  sarcin-ricin-1
DESC  Sarcin-ricin motif 1
LENG  41
MAXL  110
ALPH  RNA
RF    no
MM    no
CONS  yes
CS    yes
MAP   yes
DATE  Fri May 30 16:08:03 2014
COM   [1] /share/data/bin/cmbuild -F /share/data/people/ppg15/motifs/sarcin-ricin-1/CM /share/data/people/ppg15/motifs/sarcin-ricin-1/SEED
NSEQ  11
EFFN  11.000000
CKSUM 3956634176
STATS LOCAL MSV       -7.1955  0.73368
STATS LOCAL VITERBI   -8.2299  0.73368
STATS LOCAL FORWARD   -3.2456  0.73368
HMM          A        C        G        U   
            m->m     m->i     m->d     i->m     i->i     d->m     d->d
  COMPO   1.14641  1.42350  1.33503  1.72481
          1.38629  1.38629  1.38629  1.38629
          0.36348  1.21345  4.88280  0.05023  3.01618  0.00000        *
      1   1.54964  1.03616  1.10216  2.29552      2 c - - :
          1.38629  1.38629  1.38629  1.38629
          0.01527  4.88280  4.88280  1.46634  0.26236  1.09861  0.40547
      2   2.24126  1.38501  1.06503  1.20853      3 g - - :
          1.38629  1.38629  1.38629  1.38629
          0.01527  4.88280  4.88280  1.46634  0.26236  1.09861  0.40547
      3   0.98731  1.41485  1.99708  1.39139      4 a - - :
          1.38629  1.38629  1.38629  1.38629
          0.01527  4.88280  4.88280  1.46634  0.26236  1.09861  0.40547
      4   0.56537  4.11241  0.92282  4.01260      5 A - - <
          1.38629  1.38629  1.38629  1.38629
          0.01527  4.88280  4.88280  1.46634  0.26236  1.09861  0.40547
      5   1.06074  0.56381  3.52519  2.89467      6 C - - <
          1.38629  1.38629  1.38629  1.38629
          0.01527  4.88280  4.88280  1.46634  0.26236  1.09861  0.40547
      6   3.75496  0.22333  3.71697  1.88096      7 C - - <
          1.38629  1.38629  1.38629  1.38629
          0.01527  4.88280  4.88280  1.46634  0.26236  1.09861  0.40547
      7   2.84331  1.04503  0.95216  1.58875      8 g - - <
          1.38629  1.38629  1.38629  1.38629
          0.01527  4.88280  4.88280  1.46634  0.26236  1.09861  0.40547
      8   0.96240  2.20456  0.79852  2.85194      9 g - - <
          1.38629  1.38629  1.38629  1.38629
          0.01527  4.88280  4.88280  1.46634  0.26236  1.09861  0.40547
      9   1.08272  1.59924  0.90746  2.88729     10 g - - <
          1.38629  1.38629  1.38629  1.38629
          0.01527  4.88280  4.88280  1.46634  0.26236  1.09861  0.40547
     10   2.07828  1.70353  1.42727  0.79219     11 u - - <
          1.38629  1.38629  1.38629  1.38629
          0.01527  4.88280  4.88280  1.46634  0.26236  1.09861  0.40547
     11   3.10485  4.10614  0.08271  4.01282     12 G - - <
          1.38629  1.38629  1.38629  1.38629
          0.01527  4.88280  4.88280  1.46634  0.26236  1.09861  0.40547
     12   0.03857  5.04437  3.75112  4.84064     13 A - - <
          1.38629  1.38629  1.38629  1.38629
          0.01527  4.88280  4.88280  1.46634  0.26236  1.09861  0.40547
     13   0.61858  0.92160  4.05293  3.07833     14 A - - <
          1.38629  1.38629  1.38629  1.38629
          0.01527  4.88280  4.88280  1.46634  0.26236  1.09861  0.40547
     14   4.37051  0.18035  4.29698  1.97496     15 C - - <
          1.38629  1.38629  1.38629  1.38629
          0.41755  4.88280  1.09732  1.46634  0.26236  1.09861  0.40547
     15   3.88748  3.66596  4.43482  0.05968     16 U - - -
          1.38629  1.38629  1.38629  1.38629
          0.02274  4.48800  4.48800  1.46634  0.26236  0.04440  3.13673
     16   3.17485  3.70653  0.23531  1.94272     17 G - - <
          1.38629  1.38629  1.38629  1.38629
          0.01527  4.88280  4.88280  1.46634  0.26236  1.09861  0.40547
     17   0.03927  5.01493  3.74249  4.80710     18 A - - <
          1.38629  1.38629  1.38629  1.38629
          0.01527  4.88280  4.88280  1.46634  0.26236  1.09861  0.40547
     18   0.56403  1.49254  2.04265  2.56913     19 A - - _
          1.38629  1.38629  1.38629  1.38629
          0.41755  1.09732  4.88280  0.70905  0.67749  1.09861  0.40547
     19   0.87406  3.92690  0.62162  3.65086     24 G - - _
          1.38629  1.38629  1.38629  1.38629
          0.01527  4.88280  4.88280  1.46634  0.26236  1.09861  0.40547
     20   4.84984  0.02838  5.21525  4.21840     25 C - - _
          1.38629  1.38629  1.38629  1.38629
          0.01527  4.88280  4.88280  1.46634  0.26236  1.09861  0.40547
     21   0.51469  4.02100  1.01643  3.79436     26 A - - _
          1.38629  1.38629  1.38629  1.38629
          0.41755  1.09732  4.88280  1.38744  0.28730  1.09861  0.40547
     22   5.08629  4.18773  4.90398  0.02920     31 U - - >
          1.38629  1.38629  1.38629  1.38629
          0.01527  4.88280  4.88280  1.46634  0.26236  1.09861  0.40547
     23   1.98169  0.24898  3.57107  2.91060     32 C - - >
          1.38629  1.38629  1.38629  1.38629
          0.41755  4.88280  1.09732  1.46634  0.26236  1.09861  0.40547
     24   3.88748  3.66596  4.43482  0.05968     33 U - - -
          1.38629  1.38629  1.38629  1.38629
          0.02274  4.48800  4.48800  1.46634  0.26236  0.04440  3.13673
     25   2.29694  0.43829  2.51379  1.75252     34 C - - >
          1.38629  1.38629  1.38629  1.38629
          0.01527  4.88280  4.88280  1.46634  0.26236  1.09861  0.40547
     26   0.11112  4.31788  2.63299  3.91309     35 A - - >
          1.38629  1.38629  1.38629  1.38629
          0.01527  4.88280  4.88280  1.46634  0.26236  1.09861  0.40547
     27   2.50087  4.50411  0.11558  4.13068     36 G - - -
          1.38629  1.38629  1.38629  1.38629
          0.01527  4.88280  4.88280  1.46634  0.26236  1.09861  0.40547
     28   5.04632  4.17852  4.88151  0.02978     37 U - - >
          1.38629  1.38629  1.38629  1.38629
          0.01527  4.88280  4.88280  1.46634  0.26236  1.09861  0.40547
     29   0.23040  2.08668  3.91428  2.78494     38 A - - >
          1.38629  1.38629  1.38629  1.38629
          0.01527  4.88280  4.88280  1.46634  0.26236  1.09861  0.40547
     30   0.85207  1.49703  1.58213  1.93698     39 a - - >
          1.38629  1.38629  1.38629  1.38629
          0.01527  4.88280  4.88280  1.46634  0.26236  1.09861  0.40547
     31   3.17012  0.93820  0.68300  2.78763     40 G - - >
          1.38629  1.38629  1.38629  1.38629
          0.01527  4.88280  4.88280  1.46634  0.26236  1.09861  0.40547
     32   1.25642  0.85042  2.12151  1.78233     41 c - - >
          1.38629  1.38629  1.38629  1.38629
          0.01527  4.88280  4.88280  1.46634  0.26236  1.09861  0.40547
     33   1.70869  0.97659  0.98411  2.68049     42 c - - >
          1.38629  1.38629  1.38629  1.38629
          0.41755  4.88280  1.09732  1.46634  0.26236  1.09861  0.40547
     34   1.72453  3.65310  0.27001  3.42767     43 G - - >
          1.38629  1.38629  1.38629  1.38629
          0.02274  4.48800  4.48800  1.46634  0.26236  3.82988  0.02195
     35   0.03924  4.55628  4.18513  4.36116     44 A - - -
          1.38629  1.38629  1.38629  1.38629
          0.02274  4.48800  4.48800  1.46634  0.26236  0.04440  3.13673
     36   3.17617  3.77039  0.54272  1.03832     45 G - - >
          1.38629  1.38629  1.38629  1.38629
          0.01527  4.88280  4.88280  1.46634  0.26236  1.09861  0.40547
     37   4.24773  0.96897  0.61095  2.75842     46 G - - >
          1.38629  1.38629  1.38629  1.38629
          0.01527  4.88280  4.88280  1.46634  0.26236  1.09861  0.40547
     38   0.02131  5.17558  4.78099  4.95590     47 A - - :
          1.38629  1.38629  1.38629  1.38629
          0.01527  4.88280  4.88280  1.46634  0.26236  1.09861  0.40547
     39   0.85645  1.18511  1.77071  2.30854     48 a - - :
          1.38629  1.38629  1.38629  1.38629
          0.01527  4.88280  4.88280  1.46634  0.26236  1.09861  0.40547
     40   0.73811  2.25632  1.04163  2.74310     49 a - - :
          1.38629  1.38629  1.38629  1.38629
          0.01527  4.88280  4.88280  1.46634  0.26236  1.09861  0.40547
     41   0.63413  3.99325  0.84977  3.74438     50 A - - :
          1.38629  1.38629  1.38629  1.38629
          0.40994  1.08972        *  0.70905  0.67749  0.00000        *
//
