INFERNAL1/a [1.1rc1 | June 2012]
NAME     k-turn-1
DESC     Kink turn, 3' bulge
STATES   115
NODES    27
CLEN     37
W        716
ALPH     RNA
RF       no
CONS     yes
MAP      yes
DATE     Thu Sep 20 14:27:43 2012
COM      [1] /share/data/bin/cmbuild -F /share/data/people/ppg15/motifs/k-turn-1/CM /share/data/people/ppg15/motifs/k-turn-1/SEED
COM      [2] /share/data/bin/cmcalibrate --mpi --seed 1 /share/data/people/ppg15/motifs/k-turn-1/CM
PBEGIN   0.05
PEND     0.05
WBETA    1e-07
QDBBETA1 1e-07
QDBBETA2 1e-15
N2OMEGA  1.52588e-05
N3OMEGA  1.52588e-05
ELSELF   -0.08926734
NSEQ     15
EFFN     15.000000
CKSUM    2379057072
NULL     0.000  0.000  0.000  0.000 
GA       9.00
EFP7GF   -1.3161 0.76924
ECMLC    0.56466    -4.62994     5.57037     1600000      380704  0.003152
ECMGC    0.57158    -3.95037     6.58094     1600000      164551  0.002431
ECMLI    0.56092    -2.62257     6.95145     1600000      257907  0.004653
ECMGI    0.60558    -2.18159     7.40674     1600000      132985  0.003008
CM
                                             [ ROOT    0 ]      -      - - - - -
     S     0    -1 0     1     4     1     1   716  1535  -9.184  -9.391  -0.845  -1.184                 
    IL     1     1 2     1     4     1     2   719  1538  -1.686  -2.369  -1.117  -4.855                  0.000  0.000  0.000  0.000 
    IR     2     2 3     2     3     1     2   718  1538  -1.442  -0.798  -4.142                          0.000  0.000  0.000  0.000 
                                             [ MATL    1 ]      1      - c - - -
    ML     3     2 3     5     5     1     5   717  1536  -8.323  -0.017  -8.138  -8.350  -9.242         -1.328  0.945  0.009 -0.578 
     D     4     2 3     5     5     0     0   713  1532  -8.408  -1.312  -7.669  -6.044  -0.800         
    IL     5     5 3     5     5     1     2   717  1536  -2.408  -0.496  -4.087  -5.920  -5.193          0.000  0.000  0.000  0.000 
                                             [ MATP    2 ]      2    116 C G - -
    MP     6     5 3    10     6     2     5   716  1535 -10.060  -9.999  -0.063  -8.776  -4.761  -9.451 -4.672 -4.595 -0.538 -0.803 -3.666 -5.315  3.410 -0.748 -4.606  0.531 -5.056 -2.512  0.158 -4.870 -1.319 -3.483 
    ML     7     5 3    10     6     1     1   714  1533  -6.250  -6.596  -1.310  -1.005  -6.446  -3.975  0.368 -0.385 -0.191  0.094 
    MR     8     5 3    10     6     1     1   714  1533  -6.988  -5.717  -1.625  -5.695  -0.829  -3.908  0.368 -0.385 -0.191  0.094 
     D     9     5 3    10     6     0     0   710  1530 -12.242 -10.941  -3.241  -7.420  -7.437  -0.181 
    IL    10    10 5    10     6     1     1   715  1534  -2.579  -2.842  -0.760  -4.497  -5.274  -4.934  0.000  0.000  0.000  0.000 
    IR    11    11 6    11     5     1     2   715  1534  -2.408  -0.496  -5.920  -4.087  -5.193          0.000  0.000  0.000  0.000 
                                             [ MATP    3 ]      3    115 c g - -
    MP    12    11 6    16     6     2     4   714  1533 -10.048  -2.795  -0.236  -8.764  -9.044  -9.439 -6.244 -6.371 -5.712 -2.491 -4.151 -5.956  2.882 -5.029 -5.774 -2.386 -5.964 -4.474  0.820 -6.164  2.635 -4.568 
    ML    13    11 6    16     6     1     1   711  1531  -6.250  -6.596  -1.310  -1.005  -6.446  -3.975  0.368 -0.385 -0.191  0.094 
    MR    14    11 6    16     6     1     1   713  1532  -7.822  -6.551  -0.688  -6.529  -1.663  -4.742 -0.353 -1.328  1.148 -0.729 
     D    15    11 6    16     6     0     0   710  1529 -12.096  -2.004  -1.719  -7.273  -7.291  -1.205 
    IL    16    16 5    16     6     1     1   713  1532  -2.579  -2.842  -0.760  -4.497  -5.274  -4.934  0.000  0.000  0.000  0.000 
    IR    17    17 6    17     5     1     2   713  1532  -4.157  -0.518  -7.668  -2.103  -6.942          0.000  0.000  0.000  0.000 
                                             [ MATP    4 ]      4    113 c g - -
    MP    18    17 6    22     6     2     4   712  1531  -2.891 -10.138  -0.219  -8.914  -9.194  -9.589 -5.027 -4.258 -4.958  0.666 -4.352 -5.738  2.900 -4.792 -4.950  2.367 -5.384 -1.848 -0.229 -5.136 -1.844 -3.707 
    ML    19    17 6    22     6     1     1   709  1528  -6.250  -6.596  -1.310  -1.005  -6.446  -3.975  0.368 -0.385 -0.191  0.094 
    MR    20    17 6    22     6     1     1   711  1530  -0.768  -6.981  -2.890  -6.959  -2.093  -5.173  1.519 -1.692 -1.392 -1.176 
     D    21    17 6    22     6     0     0   706  1526 -10.969  -9.667  -5.464  -6.146  -1.616  -0.654 
    IL    22    22 5    22     6     1     2   712  1531  -1.251  -5.899  -0.860  -7.554  -8.331  -7.991  0.000  0.000  0.000  0.000 
    IR    23    23 6    23     5     1     1   711  1530  -2.408  -0.496  -5.920  -4.087  -5.193          0.000  0.000  0.000  0.000 
                                             [ MATP    5 ]      7    112 c g - -
    MP    24    23 6    28     6     2     3   710  1529 -10.279 -10.218  -0.009  -8.994  -9.274  -9.669 -4.530 -4.324 -4.558  0.286 -3.579 -5.382  2.625 -4.205 -4.463  1.357 -4.977 -2.031  1.393 -4.736  1.412 -3.256 
    ML    25    23 6    28     6     1     1   707  1526  -6.250  -6.596  -1.310  -1.005  -6.446  -3.975  0.368 -0.385 -0.191  0.094 
    MR    26    23 6    28     6     1     1   708  1527  -7.841  -6.570  -0.676  -6.548  -1.682  -4.761 -0.373 -1.352  1.165 -0.752 
     D    27    23 6    28     6     0     0   705  1525 -10.429  -9.127  -0.624  -5.606  -5.624  -1.699 
    IL    28    28 5    28     6     1     1   709  1528  -2.579  -2.842  -0.760  -4.497  -5.274  -4.934  0.000  0.000  0.000  0.000 
    IR    29    29 6    29     5     1     1   709  1528  -2.408  -0.496  -5.920  -4.087  -5.193          0.000  0.000  0.000  0.000 
                                             [ MATP    6 ]      8    111 g c - -
    MP    30    29 6    34     6     2     3   708  1527 -10.380 -10.320  -0.009  -9.096  -9.376  -9.771 -1.133 -3.276 -3.789  0.735  0.334 -4.552  1.188 -4.074 -3.930  2.818 -4.401 -1.214  0.936 -3.839 -1.544 -2.842 
    ML    31    29 6    34     6     1     1   705  1525  -6.250  -6.596  -1.310  -1.005  -6.446  -3.975  0.368 -0.385 -0.191  0.094 
    MR    32    29 6    34     6     1     1   705  1524  -6.988  -5.717  -1.625  -5.695  -0.829  -3.908  0.368 -0.385 -0.191  0.094 
     D    33    29 6    34     6     0     0   700  1519  -9.049  -7.747  -3.544  -4.226  -4.244  -0.319 
    IL    34    34 5    34     6     1     1   707  1526  -2.579  -2.842  -0.760  -4.497  -5.274  -4.934  0.000  0.000  0.000  0.000 
    IR    35    35 6    35     5     1     1   707  1526  -2.408  -0.496  -5.920  -4.087  -5.193          0.000  0.000  0.000  0.000 
                                             [ MATP    7 ]      9    110 c g - -
    MP    36    35 6    40     6     2     3   706  1525 -10.380  -4.293  -0.084  -9.096  -9.376  -9.771 -1.150 -3.694 -3.804 -0.149 -3.288 -4.644  2.609  0.388 -3.798  1.699 -4.343 -1.814  1.207 -3.960 -0.366 -2.790 
    ML    37    35 6    40     6     1     1   704  1523  -6.250  -6.596  -1.310  -1.005  -6.446  -3.975  0.368 -0.385 -0.191  0.094 
    MR    38    35 6    40     6     1     1   703  1522  -6.988  -5.717  -1.625  -5.695  -0.829  -3.908  0.368 -0.385 -0.191  0.094 
     D    39    35 6    40     6     0     0   699  1518  -9.049  -7.747  -3.544  -4.226  -4.244  -0.319 
    IL    40    40 5    40     6     1     1   705  1524  -2.579  -2.842  -0.760  -4.497  -5.274  -4.934  0.000  0.000  0.000  0.000 
    IR    41    41 6    41     5     1     1   705  1524  -3.193  -0.267  -6.705  -4.872  -5.978          0.000  0.000  0.000  0.000 
                                             [ MATP    8 ]     10    108 c g - -
    MP    42    41 6    46     6     2     3   704  1523 -10.380 -10.320  -0.067  -4.608  -9.376  -9.771 -2.747 -2.286 -3.067  0.111 -2.967  1.459  1.660 -3.231  0.764  0.564 -3.258  1.169  0.294 -3.092 -1.048 -0.079 
    ML    43    41 6    46     6     1     1   702  1521  -6.250  -6.596  -1.310  -1.005  -6.446  -3.975  0.368 -0.385 -0.191  0.094 
    MR    44    41 6    46     6     1     1   701  1520  -6.988  -5.717  -1.625  -5.695  -0.829  -3.908  0.368 -0.385 -0.191  0.094 
     D    45    41 6    46     6     0     0   698  1517  -9.049  -7.747  -3.544  -4.226  -4.244  -0.319 
    IL    46    46 5    46     6     1     1   703  1522  -2.579  -2.842  -0.760  -4.497  -5.274  -4.934  0.000  0.000  0.000  0.000 
    IR    47    47 6    47     5     1     1   703  1522  -2.408  -0.496  -5.920  -4.087  -5.193          0.000  0.000  0.000  0.000 
                                             [ MATP    9 ]     11    107 G A - -
    MP    48    47 6    52     6     2     2   702  1521  -2.562 -10.262  -0.277  -9.038  -9.318  -9.713 -6.565 -5.890  1.033 -2.181 -5.062 -6.830 -0.765 -5.686  3.544 -2.407 -6.445 -3.414 -0.128 -6.936 -2.750 -5.021 
    ML    49    47 6    52     6     1     1   701  1520  -0.829  -7.771  -2.486  -2.180  -7.621  -5.151 -0.606 -1.641  1.341 -1.031 
    MR    50    47 6    52     6     1     1   700  1519  -6.988  -5.717  -1.625  -5.695  -0.829  -3.908  0.368 -0.385 -0.191  0.094 
     D    51    47 6    52     6     0     0   697  1516  -9.049  -7.747  -3.544  -4.226  -4.244  -0.319 
    IL    52    52 5    52     6     1     1   701  1520  -1.779  -5.825  -0.561  -7.480  -8.257  -7.917  0.000  0.000  0.000  0.000 
    IR    53    53 6    53     5     1     1   701  1520  -2.408  -0.496  -5.920  -4.087  -5.193          0.000  0.000  0.000  0.000 
                                             [ MATP   10 ]     14    106 A G - -
    MP    54    53 6    58     4     2     2   700  1519  -9.005  -1.614  -0.659  -4.717                 -0.651 -4.761  3.705  0.400 -7.381 -8.835 -2.967 -6.174 -5.800 -1.414 -6.435 -2.059 -3.318 -7.433 -4.873 -4.824 
    ML    55    53 6    58     4     1     1   698  1517  -2.408  -4.532  -1.293  -1.473                  0.368 -0.385 -0.191  0.094 
    MR    56    53 6    58     4     1     1   698  1517  -4.102 -12.528  -0.390  -2.485                  0.368 -0.385 -0.191  0.094 
     D    57    53 6    58     4     0     0   696  1515 -12.737 -14.007  -2.036  -0.404                 
    IL    58    58 5    58     4     1     1   698  1518  -2.817  -4.319  -0.613  -2.698                  0.000  0.000  0.000  0.000 
    IR    59    59 6    59     3     1     1   698  1518  -4.367  -0.087  -6.606                          0.000  0.000  0.000  0.000 
                                             [ MATR   11 ]      -    104 - u - -
    MR    60    59 6    62     3     1     1   697  1517 -10.391  -0.005  -8.709                          0.088 -0.649 -1.570  0.973 
     D    61    59 6    62     3     0     0   696  1515  -7.380  -0.585  -1.610                         
    IR    62    62 3    62     3     1     1   698  1517  -1.925  -0.554  -4.164                          0.000  0.000  0.000  0.000 
                                             [ MATR   12 ]      -    103 - u - -
    MR    63    62 3    65     3     1     1   696  1516 -10.432  -0.050  -4.919                          0.349 -1.022 -0.143  0.410 
     D    64    62 3    65     3     0     0   694  1513  -6.390  -1.568  -0.620                         
    IR    65    65 3    65     3     1     1   697  1516  -1.925  -0.554  -4.164                          0.000  0.000  0.000  0.000 
                                             [ MATR   13 ]      -    102 - G - -
    MR    66    65 3    68     5     1     1   695  1515  -9.052  -0.010  -8.867  -9.080  -9.971         -0.046 -1.820  1.256 -1.477 
     D    67    65 3    68     5     0     0   694  1513  -6.035  -0.398  -3.662  -5.093  -3.087         
    IR    68    68 3    68     5     1     1   695  1514  -2.408  -0.496  -5.920  -4.087  -5.193          0.000  0.000  0.000  0.000 
                                             [ MATP   14 ]     15    101 G C - -
    MP    69    68 3    73     6     2     2   694  1514 -10.380 -10.320  -0.043  -9.096  -9.376  -5.337 -5.735 -4.131 -5.714 -0.672 -6.864 -5.987 -0.304 -6.201 -5.564  3.361 -5.893  1.917 -2.220 -5.510 -3.977 -4.595 
    ML    70    68 3    73     6     1     1   693  1512  -6.250  -6.596  -1.310  -1.005  -6.446  -3.975  0.368 -0.385 -0.191  0.094 
    MR    71    68 3    73     6     1     1   692  1511  -6.988  -5.717  -1.625  -5.695  -0.829  -3.908  0.368 -0.385 -0.191  0.094 
     D    72    68 3    73     6     0     0   688  1507  -9.049  -7.747  -3.544  -4.226  -4.244  -0.319 
    IL    73    73 5    73     6     1     1   694  1513  -2.579  -2.842  -0.760  -4.497  -5.274  -4.934  0.000  0.000  0.000  0.000 
    IR    74    74 6    74     5     1     1   693  1513  -2.408  -0.496  -5.920  -4.087  -5.193          0.000  0.000  0.000  0.000 
                                             [ MATP   15 ]     16    100 c g - -
    MP    75    74 6    79     6     2     2   693  1512 -10.346 -10.285  -0.059  -9.062  -9.341  -4.838 -4.093 -3.964 -4.172  0.450  0.482 -4.996  2.188 -4.045 -4.145  2.162 -4.669 -1.880  0.874 -4.325  0.646 -3.043 
    ML    76    74 6    79     6     1     1   691  1510  -6.250  -6.596  -1.310  -1.005  -6.446  -3.975  0.368 -0.385 -0.191  0.094 
    MR    77    74 6    79     6     1     1   690  1510  -6.988  -5.717  -1.625  -5.695  -0.829  -3.908  0.368 -0.385 -0.191  0.094 
     D    78    74 6    79     6     0     0   687  1507 -10.024  -8.722  -4.519  -5.201  -5.219  -0.154 
    IL    79    79 5    79     6     1     1   692  1511  -2.579  -2.842  -0.760  -4.497  -5.274  -4.934  0.000  0.000  0.000  0.000 
    IR    80    80 6    80     5     1     1   692  1511  -2.408  -0.496  -5.920  -4.087  -5.193          0.000  0.000  0.000  0.000 
                                             [ MATP   16 ]     17     99 u g - -
    MP    81    80 6    85     4     2     2   691  1510  -9.070  -9.277  -0.188  -3.075                 -4.213 -4.050 -4.279  0.481 -3.487 -5.114  1.952 -4.065 -4.222  1.194 -4.747 -0.563  1.175 -4.439  2.296 -3.077 
    ML    82    80 6    85     4     1     1   690  1509  -3.758  -3.940  -0.507  -2.670                  0.368 -0.385 -0.191  0.094 
    MR    83    80 6    85     4     1     1   689  1508  -4.809  -3.838  -1.706  -0.766                  0.368 -0.385 -0.191  0.094 
     D    84    80 6    85     4     0     0   687  1506  -6.230  -5.911  -3.927  -0.145                 
    IL    85    85 5    85     4     1     1   691  1510  -1.686  -2.369  -1.117  -4.855                  0.000  0.000  0.000  0.000 
    IR    86    86 6    86     3     1     1   690  1510  -1.442  -0.798  -4.142                          0.000  0.000  0.000  0.000 
                                             [ MATL   17 ]     18      - A - - -
    ML    87    86 6    89     3     1     1   689  1508  -9.834  -0.068  -4.470                          1.131 -1.294 -0.098 -1.096 
     D    88    86 6    89     3     0     0   687  1506  -9.233  -1.454  -0.659                         
    IL    89    89 3    89     3     1     1   689  1509  -1.442  -0.798  -4.142                          0.000  0.000  0.000  0.000 
                                             [ MATL   18 ]     19      - G - - -
    ML    90    89 3    92     3     1     1   688  1507  -9.888  -0.005  -8.542                         -1.881 -1.148  1.415 -0.711 
     D    91    89 3    92     3     0     0   686  1505  -8.988  -0.149  -3.380                         
    IL    92    92 3    92     3     1     1   688  1507  -1.442  -0.798  -4.142                          0.000  0.000  0.000  0.000 
                                             [ MATL   19 ]     20      - u - - -
    ML    93    92 3    95     3     1     1   687  1506 -10.117  -0.005  -8.771                          0.238 -0.916 -0.726  0.753 
     D    94    92 3    95     3     0     0   675  1495  -6.174  -1.687  -0.566                         
    IL    95    95 3    95     3     1     1   686  1506  -1.442  -0.798  -4.142                          0.000  0.000  0.000  0.000 
                                             [ MATL   20 ]     21      - c - - -
    ML    96    95 3    98     3     1     1   686  1505 -10.117  -0.005  -8.771                          0.423  0.683 -2.572 -0.175 
     D    97    95 3    98     3     0     0   669  1488  -6.174  -1.687  -0.566                         
    IL    98    98 3    98     3     1     1   685  1504  -1.442  -0.798  -4.142                          0.000  0.000  0.000  0.000 
                                             [ MATL   21 ]     22      - u - - -
    ML    99    98 3   101     3     1     1   685  1504 -10.117  -0.094  -4.012                         -0.055 -1.251  0.265  0.501 
     D   100    98 3   101     3     0     0   659  1478  -6.174  -1.687  -0.566                         
    IL   101   101 3   101     3     1     1   685  1504  -1.442  -0.798  -4.142                          0.000  0.000  0.000  0.000 
                                             [ MATL   22 ]     23      - G - - -
    ML   102   101 3   104     3     1     1   686  1505 -10.028  -0.728  -1.339                         -0.199 -2.251  1.471 -2.778 
     D   103   101 3   104     3     0     0   635  1454  -7.963  -3.476  -0.142                         
    IL   104   104 3   104     3     1     1   702  1521  -1.442  -0.798  -4.142                          0.000  0.000  0.000  0.000 
                                             [ MATL   23 ]     24      - U - - -
    ML   105   104 3   107     3     1     1   704  1523  -9.308  -0.008  -7.963                         -3.873 -3.528 -4.668  1.928 
     D   106   104 3   107     3     0     0   614  1433 -10.394  -5.907  -0.025                         
    IL   107   107 3   107     3     1     1   701  1520  -1.442  -0.798  -4.142                          0.000  0.000  0.000  0.000 
                                             [ MATL   24 ]     25      - G - - -
    ML   108   107 3   110     3     1     1   703  1522  -0.532  -2.412  -3.054                         -0.870 -3.592  1.702 -3.100 
     D   109   107 3   110     3     0     0   609  1428  -3.557  -1.128  -1.128                         
    IL   110   110 3   110     3     1     1   718  1537  -0.032  -5.507 -11.982                          0.000  0.000  0.000  0.000 
                                             [ MATL   25 ]     98      - C - - -
    ML   111   110 3   113     2     1     1     1     1       *   0.000                                 -0.222  1.191 -1.142 -1.299 
     D   112   110 3   113     2     0     0     0     0       *   0.000                                 
    IL   113   113 3   113     2     1     1    13    28  -1.823  -0.479                                  0.000  0.000  0.000  0.000 
                                             [ END    26 ]      -      - - - - -
     E   114   113 3    -1     0     0     0     0     0                                                 
//
HMMER3/f [i1.1rc1 | June 2012]
NAME  k-turn-1
DESC  Kink turn, 3' bulge
LENG  37
MAXL  874
ALPH  RNA
RF    no
MM    no
CONS  yes
CS    yes
MAP   yes
DATE  Thu Sep 20 14:27:43 2012
COM   [1] /share/data/bin/cmbuild -F /share/data/people/ppg15/motifs/k-turn-1/CM /share/data/people/ppg15/motifs/k-turn-1/SEED
NSEQ  15
EFFN  15.000000
CKSUM 2379057072
STATS LOCAL MSV       -8.0592  0.76924
STATS LOCAL VITERBI   -9.9428  0.76924
STATS LOCAL FORWARD   -2.3057  0.76924
HMM          A        C        G        U   
            m->m     m->i     m->d     i->m     i->i     d->m     d->d
  COMPO   1.51783  1.40313  1.14514  1.52875
          1.38629  1.38629  1.38629  1.38629
          0.20382  4.78601  1.73703  1.46634  0.26236  0.00000        *
      1   2.30663  0.73126  1.37989  1.78682      1 c - - :
          1.38629  1.38629  1.38629  1.38629
          0.02026  4.60246  4.60246  1.46634  0.26236  0.09058  2.44642
      2   2.46154  0.34978  2.24059  2.26861      2 C - - <
          1.38629  1.38629  1.38629  1.38629
          0.06685  4.84887  2.86766  1.46634  0.26236  1.09861  0.40547
      3   4.12216  0.76562  3.99350  0.69252      3 U - - <
          1.38629  1.38629  1.38629  1.38629
          0.01598  4.83747  4.83747  1.46634  0.26236  0.24358  1.53164
      4   2.22347  0.75357  1.07243  2.53949      4 c - - <
          1.38629  1.38629  1.38629  1.38629
          0.21648  1.67247  4.98102  0.62745  0.76347  1.09861  0.40547
      5   2.44163  0.93207  1.71156  1.08276      7 c - - <
          1.38629  1.38629  1.38629  1.38629
          0.01284  5.05514  5.05514  1.46634  0.26236  1.09861  0.40547
      6   1.93095  1.48192  0.74927  1.86384      8 g - - <
          1.38629  1.38629  1.38629  1.38629
          0.01170  5.14749  5.14749  1.46634  0.26236  1.09861  0.40547
      7   2.34714  0.75542  1.47740  1.57834      9 c - - <
          1.38629  1.38629  1.38629  1.38629
          0.01170  5.14749  5.14749  1.46634  0.26236  1.09861  0.40547
      8   2.31425  0.96112  1.06538  1.74813     10 c - - <
          1.38629  1.38629  1.38629  1.38629
          0.01170  5.14749  5.14749  1.46634  0.26236  1.09861  0.40547
      9   1.93539  3.16460  0.29839  2.63964     11 G - - <
          1.38629  1.38629  1.38629  1.38629
          0.31788  1.32241  5.14749  0.39626  1.11728  1.09861  0.40547
     10   0.07233  4.41697  3.14787  4.21575     14 A - - <
          1.38629  1.38629  1.38629  1.38629
          0.01170  5.14749  5.14749  1.46634  0.26236  1.09861  0.40547
     11   3.06218  2.92212  0.13170  3.78153     15 G - - <
          1.38629  1.38629  1.38629  1.38629
          0.04314  5.14749  3.31287  1.46634  0.26236  1.09861  0.40547
     12   2.32564  0.97611  1.19668  1.49920     16 c - - <
          1.38629  1.38629  1.38629  1.38629
          0.05775  5.11642  2.99344  1.46634  0.26236  2.11176  0.12900
     13   2.31360  1.37575  1.65463  0.78245     17 u - - <
          1.38629  1.38629  1.38629  1.38629
          0.13018  5.07130  2.15595  1.46634  0.26236  2.74847  0.06617
     14   0.60237  2.28300  1.45426  2.14612     18 A - - _
          1.38629  1.38629  1.38629  1.38629
          0.05701  4.95531  3.02880  1.46634  0.26236  0.99701  0.46042
     15   2.69011  2.18178  0.40559  1.87924     19 G - - _
          1.38629  1.38629  1.38629  1.38629
          0.01367  4.99223  4.99223  1.46634  0.26236  0.07484  2.62957
     16   1.22108  2.02126  1.88923  0.86415     20 u - - _
          1.38629  1.38629  1.38629  1.38629
          0.01170  5.14749  5.14749  1.46634  0.26236  1.09861  0.40547
     17   1.09293  0.91301  3.16902  1.50774     21 c - - _
          1.38629  1.38629  1.38629  1.38629
          0.01170  5.14749  5.14749  1.46634  0.26236  1.09861  0.40547
     18   1.42416  2.25328  1.20241  1.03912     22 u - - _
          1.38629  1.38629  1.38629  1.38629
          0.07274  5.14749  2.74348  1.46634  0.26236  1.09861  0.40547
     19   1.52403  2.94625  0.36647  3.31168     23 G - - _
          1.38629  1.38629  1.38629  1.38629
          0.50575  5.08718  0.93964  1.46634  0.26236  2.57013  0.07961
     20   4.07113  3.83153  4.62174  0.04979     24 U - - _
          1.38629  1.38629  1.38629  1.38629
          0.02027  4.60171  4.60171  1.46634  0.26236  2.31531  0.10396
     21   1.98927  3.87577  0.20665  3.53483     25 G - - _
          1.38629  1.38629  1.38629  1.38629
          1.38947  0.45293  2.16259  4.01659  0.01818  0.68617  0.70017
     22   1.54007  0.56088  2.17771  2.28645     98 C - - _
          1.38629  1.38629  1.38629  1.38629
          0.01568  4.85659  4.85659  1.46634  0.26236  0.37827  1.15533
     23   1.86889  1.88600  0.59293  1.95669     99 G - - >
          1.38629  1.38629  1.38629  1.38629
          0.01263  5.07130  5.07130  1.46634  0.26236  0.62550  0.76571
     24   1.56277  1.24350  0.94741  2.16865    100 g - - >
          1.38629  1.38629  1.38629  1.38629
          0.01207  5.11642  5.11642  1.46634  0.26236  0.27714  1.41861
     25   4.04656  0.43619  2.85788  1.27787    101 C - - >
          1.38629  1.38629  1.38629  1.38629
          0.04314  5.14749  3.31287  1.46634  0.26236  1.09861  0.40547
     26   1.41795  2.64815  0.51553  2.40990    102 G - - -
          1.38629  1.38629  1.38629  1.38629
          0.01207  5.11642  5.11642  1.46634  0.26236  0.27714  1.41861
     27   1.14469  2.09467  1.48563  1.10200    103 u - - -
          1.38629  1.38629  1.38629  1.38629
          0.04037  5.14749  3.38883  1.46634  0.26236  1.09861  0.40547
     28   1.32528  1.83606  2.47440  0.71210    104 u - - -
          1.38629  1.38629  1.38629  1.38629
          0.41774  1.09218  5.11916  0.03528  3.36196  0.29606  1.36158
     29   2.99071  3.58066  0.19875  2.28146    106 G - - >
          1.38629  1.38629  1.38629  1.38629
          0.06444  5.14749  2.87180  1.46634  0.26236  1.09861  0.40547
     30   0.24356  4.15271  1.74212  3.67717    107 A - - >
          1.38629  1.38629  1.38629  1.38629
          0.01233  5.09538  5.09538  1.46634  0.26236  0.18685  1.76940
     31   1.60157  1.26138  1.42134  1.29548    108 c - - >
          1.38629  1.38629  1.38629  1.38629
          0.07987  2.64576  5.14749  0.15652  1.93179  1.09861  0.40547
     32   1.68598  1.54185  0.83390  1.79336    110 g - - >
          1.38629  1.38629  1.38629  1.38629
          0.01170  5.14749  5.14749  1.46634  0.26236  1.09861  0.40547
     33   1.45805  0.79983  1.75921  1.92606    111 c - - >
          1.38629  1.38629  1.38629  1.38629
          0.01233  5.09538  5.09538  1.46634  0.26236  1.09861  0.40547
     34   1.73778  1.81145  0.58562  2.26418    112 G - - >
          1.38629  1.38629  1.38629  1.38629
          0.01284  5.05514  5.05514  1.46634  0.26236  1.09861  0.40547
     35   2.30415  1.16016  0.76810  2.09700    113 g - - >
          1.38629  1.38629  1.38629  1.38629
          0.31268  1.34112  4.96706  0.07423  2.63751  1.09861  0.40547
     36   2.12585  4.00131  0.17657  3.71999    115 G - - >
          1.38629  1.38629  1.38629  1.38629
          0.01580  4.84887  4.84887  1.46634  0.26236  1.09861  0.40547
     37   2.49590  2.32589  0.31707  2.39032    116 G - - >
          1.38629  1.38629  1.38629  1.38629
          0.00793  4.84100        *  1.46634  0.26236  0.00000        *
//
