INFERNAL-1 [1.0.2]
NAME     RBS_B_subtilis
GA       17.00
STATES   121
NODES    41
ALPHABET 1
ELSELF   -0.08926734
WBETA    1e-07
NSEQ     202
EFFNSEQ  202.000
CLEN     39
BCOM     cmbuild -F RBS_B_subtilis/CM RBS_B_subtilis/SEED
BDATE    Wed May 30 12:09:11 2012
CCOM     /home/ppg15/bin/cmcalibrate --mpi -s 1 /home/ppg15/motifs/RBS_B_subtilis/CM
CDATE    Wed May 30 12:33:49 2012
NULL     0.000  0.000  0.000  0.000 
PART     1        0    100  
E-LC     0      0.43698   -11.87704     2.29999     1500000      551649  0.002039
E-GC     0      0.39510   -10.99767     4.68565     1500000      184139  0.002037
E-LI     0      0.47045    -8.87952     2.70569     1500000      261918  0.004295
E-GI     0      0.39674   -10.53101     4.90743     1500000      171429  0.002187
E-LV     0      0.44243    -4.34934     7.77351    15000000      240162  0.004684
E-GV     0      0.50151    -2.25724    10.58258    15000000      234741  0.001598
E-LF     0      0.54579    -0.99443     8.81312    15000000      237621  0.004734
E-GF     0      0.50231    -2.23470    10.58258    15000000      234480  0.001599
FT-LC    49  0.99300  10000  1500000  0
            21732.3    20224.4    18561.5    16098.2    14114.1    11762.8    11622.9    10541.2    8843.93    7902.19    7216.83    6086.38       5759    4850.94    4322.39    3818.98    3331.65    3177.76    2939.08    2498.79    2114.68    1926.72    1811.41    1651.86    1484.31    1354.38    1197.29    1064.35      954.9    891.618    855.233    252.983    204.742    192.805    159.113    134.695    123.666    113.137    107.657    93.1449     85.365    78.2533     69.514    64.1716     57.606    52.6252    48.7442     43.552    39.0863 
            17994.1    16036.8    14276.7    12842.3    11514.3    10073.1    8992.06    8066.58    7157.79    6368.74    5685.25     4957.4     4449.6    3967.75    3492.03    3083.43    2743.52     2453.1    2197.02    1975.21    1765.16    1562.02    1383.02    1240.68    1106.32    984.903    876.809    782.711    699.857    625.091    596.573    497.037    443.696    359.017     305.96    273.274    243.813    219.317    189.991    166.665    149.838    134.784     120.78    106.183     95.254    85.5436    76.5301    65.1488    59.6573 
FT-LI    50  0.99300  10000  1500000  0
            24805.2    22455.1    18516.7    16043.3    14263.6    11660.4    11365.6    10703.8    9890.45    8680.44    7734.32    6473.01    6132.43    5326.94    4463.01    4201.55    3735.86    3398.27     2978.6       2627    2209.95    1955.52    1833.82    1671.78    1446.18    1351.77    1163.07    1059.41     906.65    841.975    801.333    248.252    213.094    201.808    164.902    146.304    131.564    114.768    106.875    98.0729    86.8291    76.0518      69.43    65.9415    56.3068    53.1107    46.3361    41.9592    37.8964    36.2357 
            17994.1    16036.8    14276.7    12842.3    11514.3    10073.1    8992.06    8066.58     7165.6    6368.74    5685.25    5025.51    4473.95    3967.75    3495.84    3083.43    2743.52     2453.1    2197.02    1975.21    1765.16    1562.02    1383.02    1240.68    1106.32    984.903    873.465    782.711    699.857    625.091    596.573    497.037     433.64    359.017    317.355     285.47    250.695    223.669    200.758    178.043    154.404    138.891    124.732    110.559    99.3967    89.0207    78.5186    70.4373     62.741    59.6573 
FT-GC    21  0.99300  10000  1500000  1
              31164     243.25    220.546    205.812      189.2    169.194    156.904    145.495    129.069    117.439    106.772    98.5816    91.4161    82.5565    75.4745    68.9455    62.7826    57.6268    51.9368    47.2942    45.0252 
            482.696    410.807    365.618     328.19    291.356    260.351    231.363    206.016    182.435    162.531    145.673    131.023    116.728    103.888    93.0658    83.4968    73.9026    65.2467    58.2448    51.5004    48.2696 
FT-GI    21  0.99300  10000  1500000  1
            20282.8    265.109    242.453    223.356    205.969    183.456    172.618    160.099    140.269    127.609    115.974    106.943    99.2302    89.5648    81.8583    74.7517    67.8755    61.6137    56.2434    51.1974    48.2199 
            482.696    410.807    365.618     328.19    291.356    260.351    231.363    206.016    182.435    162.531    145.673    131.023    116.728    103.888    93.0658    83.4968    73.9026    65.2467    58.2448    51.5004    48.2696 
MODEL:
				[ ROOT    0 ]
     S     0    -1 0     1     4 -12.802 -13.009  -0.001 -11.423                 
    IL     1     1 2     1     4  -1.686  -2.369  -1.117  -4.855                  0.000  0.000  0.000  0.000 
    IR     2     2 3     2     3  -1.442  -0.798  -4.142                          0.000  0.000  0.000  0.000 
				[ MATL    1 ]
    ML     3     2 3     5     3 -13.713  -0.000 -12.367                          0.642 -1.200 -1.116  0.626 
     D     4     2 3     5     3  -6.174  -1.687  -0.566                         
    IL     5     5 3     5     3  -1.442  -0.798  -4.142                          0.000  0.000  0.000  0.000 
				[ MATL    2 ]
    ML     6     5 3     8     3 -13.713  -0.000 -12.367                          0.651 -0.736 -0.763  0.310 
     D     7     5 3     8     3  -6.174  -1.687  -0.566                         
    IL     8     8 3     8     3  -1.442  -0.798  -4.142                          0.000  0.000  0.000  0.000 
				[ MATL    3 ]
    ML     9     8 3    11     3 -13.713  -0.000 -12.367                          0.257 -0.522 -0.802  0.618 
     D    10     8 3    11     3  -6.174  -1.687  -0.566                         
    IL    11    11 3    11     3  -1.442  -0.798  -4.142                          0.000  0.000  0.000  0.000 
				[ MATL    4 ]
    ML    12    11 3    14     3 -13.713  -0.000 -12.367                          0.463 -0.949 -1.146  0.724 
     D    13    11 3    14     3  -6.174  -1.687  -0.566                         
    IL    14    14 3    14     3  -1.442  -0.798  -4.142                          0.000  0.000  0.000  0.000 
				[ MATL    5 ]
    ML    15    14 3    17     3 -13.713  -0.000 -12.367                          0.331 -0.957 -1.194  0.840 
     D    16    14 3    17     3  -6.174  -1.687  -0.566                         
    IL    17    17 3    17     3  -1.442  -0.798  -4.142                          0.000  0.000  0.000  0.000 
				[ MATL    6 ]
    ML    18    17 3    20     3 -13.713  -0.000 -12.367                          0.604 -1.101 -2.011  0.821 
     D    19    17 3    20     3  -6.174  -1.687  -0.566                         
    IL    20    20 3    20     3  -1.442  -0.798  -4.142                          0.000  0.000  0.000  0.000 
				[ MATL    7 ]
    ML    21    20 3    23     3 -13.713  -0.000 -12.367                          0.550 -0.740 -1.531  0.670 
     D    22    20 3    23     3  -6.174  -1.687  -0.566                         
    IL    23    23 3    23     3  -1.442  -0.798  -4.142                          0.000  0.000  0.000  0.000 
				[ MATL    8 ]
    ML    24    23 3    26     3 -13.713  -0.000 -12.367                          0.648 -0.444 -2.020  0.537 
     D    25    23 3    26     3  -6.174  -1.687  -0.566                         
    IL    26    26 3    26     3  -1.442  -0.798  -4.142                          0.000  0.000  0.000  0.000 
				[ MATL    9 ]
    ML    27    26 3    29     3 -13.713  -0.000 -12.367                          0.272 -0.288 -0.978  0.552 
     D    28    26 3    29     3  -6.174  -1.687  -0.566                         
    IL    29    29 3    29     3  -1.442  -0.798  -4.142                          0.000  0.000  0.000  0.000 
				[ MATL   10 ]
    ML    30    29 3    32     3 -13.713  -0.000 -12.367                          0.566 -0.461 -1.970  0.621 
     D    31    29 3    32     3  -6.174  -1.687  -0.566                         
    IL    32    32 3    32     3  -1.442  -0.798  -4.142                          0.000  0.000  0.000  0.000 
				[ MATL   11 ]
    ML    33    32 3    35     3 -13.713  -0.000 -12.367                          0.863 -1.513 -1.636  0.594 
     D    34    32 3    35     3  -6.174  -1.687  -0.566                         
    IL    35    35 3    35     3  -1.442  -0.798  -4.142                          0.000  0.000  0.000  0.000 
				[ MATL   12 ]
    ML    36    35 3    38     3 -13.713  -0.000 -12.367                          0.649 -0.675 -1.175  0.447 
     D    37    35 3    38     3  -6.174  -1.687  -0.566                         
    IL    38    38 3    38     3  -1.442  -0.798  -4.142                          0.000  0.000  0.000  0.000 
				[ MATL   13 ]
    ML    39    38 3    41     3 -13.713  -0.000 -12.367                          0.876 -1.413 -1.105  0.405 
     D    40    38 3    41     3  -6.174  -1.687  -0.566                         
    IL    41    41 3    41     3  -1.442  -0.798  -4.142                          0.000  0.000  0.000  0.000 
				[ MATL   14 ]
    ML    42    41 3    44     3 -13.713  -0.000 -12.367                          0.791 -1.508 -0.205  0.072 
     D    43    41 3    44     3  -6.174  -1.687  -0.566                         
    IL    44    44 3    44     3  -1.442  -0.798  -4.142                          0.000  0.000  0.000  0.000 
				[ MATL   15 ]
    ML    45    44 3    47     3 -13.713  -0.000 -12.367                          1.318 -1.187 -1.207 -0.657 
     D    46    44 3    47     3  -6.174  -1.687  -0.566                         
    IL    47    47 3    47     3  -1.442  -0.798  -4.142                          0.000  0.000  0.000  0.000 
				[ MATL   16 ]
    ML    48    47 3    50     3 -13.713  -0.000 -12.367                          1.390 -2.537 -0.932 -0.549 
     D    49    47 3    50     3  -6.174  -1.687  -0.566                         
    IL    50    50 3    50     3  -1.442  -0.798  -4.142                          0.000  0.000  0.000  0.000 
				[ MATL   17 ]
    ML    51    50 3    53     3 -13.713  -0.000 -12.367                          1.528 -2.620 -0.199 -3.594 
     D    52    50 3    53     3  -6.174  -1.687  -0.566                         
    IL    53    53 3    53     3  -1.442  -0.798  -4.142                          0.000  0.000  0.000  0.000 
				[ MATL   18 ]
    ML    54    53 3    56     3 -13.713  -0.000 -12.367                          1.166 -3.673  0.599 -2.620 
     D    55    53 3    56     3  -6.174  -1.687  -0.566                         
    IL    56    56 3    56     3  -1.442  -0.798  -4.142                          0.000  0.000  0.000  0.000 
				[ MATL   19 ]
    ML    57    56 3    59     3 -13.713  -0.000 -12.367                         -0.838 -4.476  1.741 -4.252 
     D    58    56 3    59     3  -6.174  -1.687  -0.566                         
    IL    59    59 3    59     3  -1.442  -0.798  -4.142                          0.000  0.000  0.000  0.000 
				[ MATL   20 ]
    ML    60    59 3    62     3 -13.713  -0.000 -12.367                         -0.246 -7.826  1.653 -7.094 
     D    61    59 3    62     3  -6.174  -1.687  -0.566                         
    IL    62    62 3    62     3  -1.442  -0.798  -4.142                          0.000  0.000  0.000  0.000 
				[ MATL   21 ]
    ML    63    62 3    65     3 -13.713  -0.000 -12.367                          0.511 -7.270  1.336 -4.493 
     D    64    62 3    65     3  -6.174  -1.687  -0.566                         
    IL    65    65 3    65     3  -1.442  -0.798  -4.142                          0.000  0.000  0.000  0.000 
				[ MATL   22 ]
    ML    66    65 3    68     3 -13.713  -0.000 -12.367                         -1.108 -5.159  1.751 -2.820 
     D    67    65 3    68     3  -6.174  -1.687  -0.566                         
    IL    68    68 3    68     3  -1.442  -0.798  -4.142                          0.000  0.000  0.000  0.000 
				[ MATL   23 ]
    ML    69    68 3    71     3 -13.713  -0.000 -12.367                          0.167 -3.821  1.275 -1.373 
     D    70    68 3    71     3  -6.174  -1.687  -0.566                         
    IL    71    71 3    71     3  -1.442  -0.798  -4.142                          0.000  0.000  0.000  0.000 
				[ MATL   24 ]
    ML    72    71 3    74     3 -13.713  -0.000 -12.367                          0.690 -2.681  0.352 -0.066 
     D    73    71 3    74     3  -6.174  -1.687  -0.566                         
    IL    74    74 3    74     3  -1.442  -0.798  -4.142                          0.000  0.000  0.000  0.000 
				[ MATL   25 ]
    ML    75    74 3    77     3 -13.713  -0.000 -12.367                          0.741 -0.968  0.080 -0.396 
     D    76    74 3    77     3  -6.174  -1.687  -0.566                         
    IL    77    77 3    77     3  -1.442  -0.798  -4.142                          0.000  0.000  0.000  0.000 
				[ MATL   26 ]
    ML    78    77 3    80     3 -13.713  -0.000 -12.367                          0.337 -1.033 -1.512  0.924 
     D    79    77 3    80     3  -6.174  -1.687  -0.566                         
    IL    80    80 3    80     3  -1.442  -0.798  -4.142                          0.000  0.000  0.000  0.000 
				[ MATL   27 ]
    ML    81    80 3    83     3 -13.713  -0.000 -12.367                         -0.116 -0.075 -1.210  0.762 
     D    82    80 3    83     3  -6.174  -1.687  -0.566                         
    IL    83    83 3    83     3  -1.442  -0.798  -4.142                          0.000  0.000  0.000  0.000 
				[ MATL   28 ]
    ML    84    83 3    86     3 -13.713  -0.000 -12.367                          0.748 -0.397 -0.338 -0.377 
     D    85    83 3    86     3  -6.174  -1.687  -0.566                         
    IL    86    86 3    86     3  -1.442  -0.798  -4.142                          0.000  0.000  0.000  0.000 
				[ MATL   29 ]
    ML    87    86 3    89     3 -13.713  -0.000 -12.367                          0.764 -0.748 -1.074  0.300 
     D    88    86 3    89     3  -6.174  -1.687  -0.566                         
    IL    89    89 3    89     3  -1.442  -0.798  -4.142                          0.000  0.000  0.000  0.000 
				[ MATL   30 ]
    ML    90    89 3    92     3 -13.713  -0.000 -12.367                         -0.461  0.860 -1.285  0.068 
     D    91    89 3    92     3  -6.174  -1.687  -0.566                         
    IL    92    92 3    92     3  -1.442  -0.798  -4.142                          0.000  0.000  0.000  0.000 
				[ MATL   31 ]
    ML    93    92 3    95     3 -13.713  -0.000 -12.367                          1.979 -6.763 -6.298 -4.757 
     D    94    92 3    95     3  -6.174  -1.687  -0.566                         
    IL    95    95 3    95     3  -1.442  -0.798  -4.142                          0.000  0.000  0.000  0.000 
				[ MATL   32 ]
    ML    96    95 3    98     3 -13.713  -0.000 -12.367                         -8.485 -8.545 -8.975  1.997 
     D    97    95 3    98     3  -6.174  -1.687  -0.566                         
    IL    98    98 3    98     3  -1.442  -0.798  -4.142                          0.000  0.000  0.000  0.000 
				[ MATL   33 ]
    ML    99    98 3   101     3 -13.713  -0.000 -12.367                         -9.089 -10.120  1.999 -9.882 
     D   100    98 3   101     3  -6.174  -1.687  -0.566                         
    IL   101   101 3   101     3  -1.442  -0.798  -4.142                          0.000  0.000  0.000  0.000 
				[ MATL   34 ]
    ML   102   101 3   104     3 -13.713  -0.000 -12.367                          1.343 -1.651  0.111 -3.927 
     D   103   101 3   104     3  -6.174  -1.687  -0.566                         
    IL   104   104 3   104     3  -1.442  -0.798  -4.142                          0.000  0.000  0.000  0.000 
				[ MATL   35 ]
    ML   105   104 3   107     3 -13.713  -0.000 -12.367                          1.142  0.223 -1.446 -1.948 
     D   106   104 3   107     3  -6.174  -1.687  -0.566                         
    IL   107   107 3   107     3  -1.442  -0.798  -4.142                          0.000  0.000  0.000  0.000 
				[ MATL   36 ]
    ML   108   107 3   110     3 -13.713  -0.000 -12.367                          1.080 -2.125 -1.570  0.400 
     D   109   107 3   110     3  -6.174  -1.687  -0.566                         
    IL   110   110 3   110     3  -1.442  -0.798  -4.142                          0.000  0.000  0.000  0.000 
				[ MATL   37 ]
    ML   111   110 3   113     3 -13.713  -0.000 -12.367                          1.238 -0.504 -0.349 -2.734 
     D   112   110 3   113     3  -6.174  -1.687  -0.566                         
    IL   113   113 3   113     3  -1.442  -0.798  -4.142                          0.000  0.000  0.000  0.000 
				[ MATL   38 ]
    ML   114   113 3   116     3 -13.713  -0.000 -12.367                          1.382 -1.195 -3.072 -0.254 
     D   115   113 3   116     3  -6.174  -1.687  -0.566                         
    IL   116   116 3   116     3  -1.442  -0.798  -4.142                          0.000  0.000  0.000  0.000 
				[ MATL   39 ]
    ML   117   116 3   119     2       *   0.000                                  1.180 -0.994 -1.378 -0.238 
     D   118   116 3   119     2       *   0.000                                 
    IL   119   119 3   119     2  -1.823  -0.479                                  0.000  0.000  0.000  0.000 
				[ END    40 ]
     E   120   119 3    -1     0                                                 
//
