INFERNAL-1 [1.0.2]
NAME     vapC_target
GA       13.00
STATES   151
NODES    39
ALPHABET 1
ELSELF   -0.08926734
WBETA    1e-07
NSEQ     38
EFFNSEQ  38.000
CLEN     49
BCOM     cmbuild -F vapC_target/CM vapC_target/SEED
BDATE    Wed May 30 12:09:13 2012
CCOM     /home/ppg15/bin/cmcalibrate --mpi -s 1 /home/ppg15/motifs/vapC_target/CM
CDATE    Wed May 30 13:12:12 2012
NULL     0.000  0.000  0.000  0.000 
PART     1        0    100  
E-LC     0      0.58264    -8.05955     2.90554     1500000      669479  0.001680
E-GC     0      0.50882    -7.36752     4.01644     1500000      122929  0.003051
E-LI     0      0.55476    -5.79459     5.08809     1500000      471104  0.002388
E-GI     0      0.54426    -3.87090     6.23244     1500000       91651  0.004092
E-LV     0      0.59326    -1.34901     5.06049    64910000      218162  0.022315
E-GV     0      0.62510    -0.72808     7.09840    64910000      216248  0.007504
E-LF     0      0.76586     5.13288    10.09066    64910000      216955  0.022439
E-GF     0      0.79936     5.21278    11.32896    64910000      215546  0.007529
FT-LC    42  0.99300  10000  1500000  0
             1.1753   0.965455   0.814243   0.728933   0.607553   0.560561   0.492828   0.408719   0.362352   0.293805   0.268745   0.230724   0.196588   0.169004   0.156801   0.136557   0.127508   0.112544  0.0945409  0.0819682  0.0688711  0.0594114  0.0516819  0.0453704  0.0389467  0.0348349  0.0312516  0.0299029  0.0270176  0.0255038  0.0224237  0.0207004  0.0153687  0.0127104  0.0122524  0.0110984  0.0106916  0.0100309 0.00959376 0.00888119 0.00814806 0.00767759 
            2506.89     2243.4    2001.47    1786.99    1590.62    1380.49    1153.11    991.625      887.4    783.857    699.324    612.544    551.109    492.052    425.092     381.58    337.573    303.252    271.586    243.041    217.829    194.636    173.513    153.738    133.428    116.513    104.267    92.3838     81.168    73.0273    64.5558    57.7264    51.4222    44.2547    39.5426    33.1309    29.7169    26.1291    22.7469    20.3094    18.0085    15.4155 
FT-LI    46  0.99300  10000  1500000  0
             2.2006    2.04198    1.76001    1.57811    1.36253     1.0605    0.97579   0.944933   0.801251   0.730304    0.68552   0.597551    0.53257   0.454056   0.421209   0.367592   0.335939   0.304287   0.260969   0.233168   0.197791   0.170689   0.149028   0.131939   0.116668   0.113806   0.109153  0.0989534  0.0956485  0.0864303   0.077974  0.0669527  0.0611995  0.0548895  0.0472603   0.044589  0.0432205  0.0394908  0.0381562  0.0338129   0.032555  0.0320699  0.0273218  0.0256146  0.0227776  0.0201367 
            2506.89     2243.4    2016.86    1809.03    1626.34    1423.44    1267.02    1139.07    1010.02    902.478    811.964    721.079    640.366     573.06    513.615    449.191    399.523    358.079    311.252    276.412    248.119    222.551    199.618    177.003    157.673    139.168    123.591     110.94    97.9205    87.2936    77.3447    68.0068    59.6134    53.3068    47.3401    42.5595    38.1446    33.1309    29.7169    26.5731    22.9394    20.5283    18.0085    15.6654    13.8588    12.1483 
FT-GC    46  0.99300  10000  1500000  0
             0.9232   0.847846   0.670837   0.658036   0.602408   0.545278   0.478395   0.401754   0.371386   0.327871   0.292007     0.2751   0.237221   0.213073   0.197054    0.17628   0.165632   0.150481   0.140977   0.125974   0.114027   0.101965  0.0898099  0.0832051  0.0809943  0.0750162   0.067292  0.0610431  0.0573219  0.0507213  0.0475821  0.0440804  0.0393835  0.0353358  0.0319621  0.0291058  0.0275274  0.0249392  0.0246115  0.0228513  0.0209915  0.0189551  0.0180964  0.0175256  0.0158768  0.0146431 
            2587.71    2267.95    1964.02    1730.99    1557.65    1367.36    1227.48    1104.56    900.156    791.453     711.06    630.714    567.554    495.439    445.113    396.716    354.997    313.879    280.422    245.771    217.652    194.453    170.152    146.293    127.094    111.925    99.4368    87.2891     76.442    67.1571     59.664    53.0069    47.1303     41.472    37.1107    33.3945    30.0504    26.8473     23.909    21.0218    18.2775    16.4472    14.8002    13.1699    11.5057    10.1649 
FT-GI    50  0.99300  10000  1500000  0
            0.99126   0.895087   0.778991    0.74823   0.673899   0.636795   0.563707   0.530392    0.45352   0.398016   0.354963   0.331472    0.30797   0.291533   0.235725   0.202444    0.17206   0.162246   0.147758   0.139141   0.129248   0.122011   0.108797   0.101315  0.0916407  0.0801365  0.0763659  0.0734265  0.0634679  0.0621799  0.0604727  0.0532446  0.0515813  0.0453844  0.0413704  0.0401745  0.0386055  0.0358702  0.0321787  0.0262781  0.0248019  0.0243147  0.0231277  0.0215461  0.0202389  0.0190268  0.0168449  0.0161377  0.0151098  0.0131531 
            2488.31    2233.77    2008.47     1780.1    1594.18    1414.04    1271.43     1135.9    1010.78    900.156    791.453     711.06    639.854      574.4    495.439    445.113    396.716    354.997    318.682    280.422    247.546    221.337    198.854    178.512    159.612    138.001    119.698    107.454    92.5343     82.539    74.2141    65.6182    57.9252    50.8488    45.6837     40.749    36.5806    32.4472    28.5745    25.7131    23.0274    20.5729    18.3947    16.4472    14.8002    13.1699    11.5057    10.1649    8.96598     8.2041 
MODEL:
				[ ROOT    0 ]
     S     0    -1 0     1     4 -10.439 -10.646  -0.005  -9.060                 
    IL     1     1 2     1     4  -1.686  -2.369  -1.117  -4.855                  0.000  0.000  0.000  0.000 
    IR     2     2 3     2     3  -1.442  -0.798  -4.142                          0.000  0.000  0.000  0.000 
				[ MATL    1 ]
    ML     3     2 3     5     3 -11.358  -0.002 -10.012                          1.980 -6.137 -5.684 -5.510 
     D     4     2 3     5     3  -6.174  -1.687  -0.566                         
    IL     5     5 3     5     3  -1.442  -0.798  -4.142                          0.000  0.000  0.000  0.000 
				[ MATL    2 ]
    ML     6     5 3     8     3 -11.358  -0.002 -10.012                         -5.146 -4.862 -5.831  1.971 
     D     7     5 3     8     3  -6.174  -1.687  -0.566                         
    IL     8     8 3     8     3  -1.442  -0.798  -4.142                          0.000  0.000  0.000  0.000 
				[ MATL    3 ]
    ML     9     8 3    11     3 -11.358  -0.002 -10.012                          1.980 -6.137 -5.684 -5.510 
     D    10     8 3    11     3  -6.174  -1.687  -0.566                         
    IL    11    11 3    11     3  -1.442  -0.798  -4.142                          0.000  0.000  0.000  0.000 
				[ MATL    4 ]
    ML    12    11 3    14     3 -11.358  -0.180  -3.099                         -1.579 -4.276 -5.297  1.843 
     D    13    11 3    14     3  -6.174  -1.687  -0.566                         
    IL    14    14 3    14     3  -1.442  -0.798  -4.142                          0.000  0.000  0.000  0.000 
				[ MATL    5 ]
    ML    15    14 3    17     3  -0.967  -1.038  -9.802                         -0.912  0.799 -0.201 -0.219 
     D    16    14 3    17     3  -8.592  -0.075  -4.375                         
    IL    17    17 3    17     3  -2.323  -0.327  -8.426                          0.000  0.000  0.000  0.000 
				[ MATR    6 ]
    MR    18    17 3    20     3 -11.661  -0.002  -9.978                         -0.719 -0.189  0.633 -0.053 
     D    19    17 3    20     3  -6.390  -1.568  -0.620                         
    IR    20    20 3    20     3  -1.925  -0.554  -4.164                          0.000  0.000  0.000  0.000 
				[ MATR    7 ]
    MR    21    20 3    23     3 -11.661  -0.002  -9.978                         -1.709  1.288 -0.165 -1.476 
     D    22    20 3    23     3  -6.390  -1.568  -0.620                         
    IR    23    23 3    23     3  -1.925  -0.554  -4.164                          0.000  0.000  0.000  0.000 
				[ MATR    8 ]
    MR    24    23 3    26     3 -11.661  -0.002  -9.978                         -0.215  0.411 -0.784  0.297 
     D    25    23 3    26     3  -6.390  -1.568  -0.620                         
    IR    26    26 3    26     3  -1.925  -0.554  -4.164                          0.000  0.000  0.000  0.000 
				[ MATR    9 ]
    MR    27    26 3    29     3 -11.661  -0.002  -9.978                         -0.833  0.465  0.501 -0.636 
     D    28    26 3    29     3  -6.390  -1.568  -0.620                         
    IR    29    29 3    29     3  -1.925  -0.554  -4.164                          0.000  0.000  0.000  0.000 
				[ MATR   10 ]
    MR    30    29 3    32     5 -10.311  -0.088 -10.126  -4.127 -11.230         -3.877 -1.625  1.835 -4.608 
     D    31    29 3    32     5  -5.352  -0.707  -2.978  -4.409  -2.404         
    IR    32    32 3    32     5  -2.408  -0.496  -5.920  -4.087  -5.193          0.000  0.000  0.000  0.000 
				[ MATP   11 ]
    MP    33    32 3    37     6 -11.328 -11.268  -0.005 -10.044 -10.324 -10.719 -2.525 -2.458 -2.597 -1.070 -0.117  1.227  0.809  0.992 -2.669  1.133 -2.822 -1.510  0.852 -0.881  0.835  0.035 
    ML    34    32 3    37     6  -6.250  -6.596  -1.310  -1.005  -6.446  -3.975  0.660 -0.612 -0.293 -0.076 
    MR    35    32 3    37     6  -8.935  -7.664  -0.278  -7.642  -2.776  -5.855  0.796  0.195 -1.248 -0.519 
     D    36    32 3    37     6  -9.049  -7.747  -3.544  -4.226  -4.244  -0.319 
    IL    37    37 5    37     6  -2.579  -2.842  -0.760  -4.497  -5.274  -4.934  0.000  0.000  0.000  0.000 
    IR    38    38 6    38     5  -2.408  -0.496  -5.920  -4.087  -5.193          0.000  0.000  0.000  0.000 
				[ MATP   12 ]
    MP    39    38 6    43     6 -11.403 -11.342  -0.004 -10.119 -10.398 -10.793 -5.302 -0.716 -6.254  1.011 -7.066 -6.096  0.796 -5.766 -5.418  2.947 -5.105  0.470 -1.420 -5.456  0.983 -4.646 
    ML    40    38 6    43     6  -6.250  -6.596  -1.310  -1.005  -6.446  -3.975  0.660 -0.612 -0.293 -0.076 
    MR    41    38 6    43     6  -6.988  -5.717  -1.625  -5.695  -0.829  -3.908  0.660 -0.612 -0.293 -0.076 
     D    42    38 6    43     6  -9.049  -7.747  -3.544  -4.226  -4.244  -0.319 
    IL    43    43 5    43     6  -2.579  -2.842  -0.760  -4.497  -5.274  -4.934  0.000  0.000  0.000  0.000 
    IR    44    44 6    44     5  -2.408  -0.496  -5.920  -4.087  -5.193          0.000  0.000  0.000  0.000 
				[ MATP   13 ]
    MP    45    44 6    49     6 -11.403 -11.342  -0.004 -10.119 -10.398 -10.793 -7.975 -7.220 -8.105  2.393 -6.449 -8.733  2.709 -7.555 -8.423  0.645 -8.120 -0.455  0.782 -8.175 -2.824 -6.219 
    ML    46    44 6    49     6  -6.250  -6.596  -1.310  -1.005  -6.446  -3.975  0.660 -0.612 -0.293 -0.076 
    MR    47    44 6    49     6  -6.988  -5.717  -1.625  -5.695  -0.829  -3.908  0.660 -0.612 -0.293 -0.076 
     D    48    44 6    49     6  -9.049  -7.747  -3.544  -4.226  -4.244  -0.319 
    IL    49    49 5    49     6  -2.579  -2.842  -0.760  -4.497  -5.274  -4.934  0.000  0.000  0.000  0.000 
    IR    50    50 6    50     5  -2.408  -0.496  -5.920  -4.087  -5.193          0.000  0.000  0.000  0.000 
				[ MATP   14 ]
    MP    51    50 6    55     4 -10.439  -1.320  -1.692  -1.789                 -3.777 -1.262 -4.032  2.277 -1.224 -4.231  1.652 -3.869  0.475  1.839 -4.009 -1.874 -1.299 -0.113 -2.431 -3.478 
    ML    52    50 6    55     4  -3.758  -3.940  -0.507  -2.670                  0.660 -0.612 -0.293 -0.076 
    MR    53    50 6    55     4  -4.809  -3.838  -1.706  -0.766                  0.660 -0.612 -0.293 -0.076 
     D    54    50 6    55     4  -4.568  -4.250  -2.265  -0.520                 
    IL    55    55 5    55     4  -1.686  -2.369  -1.117  -4.855                  0.000  0.000  0.000  0.000 
    IR    56    56 6    56     3  -4.860  -0.216  -3.257                          0.000  0.000  0.000  0.000 
				[ MATL   15 ]
    ML    57    56 6    59     3  -1.470  -0.649  -9.407                         -1.211  0.662 -0.744  0.473 
     D    58    56 6    59     3  -9.975  -0.505  -1.765                         
    IL    59    59 3    59     3  -2.399  -0.313  -7.567                          0.000  0.000  0.000  0.000 
				[ MATR   16 ]
    MR    60    59 3    62     5 -10.168  -0.005  -9.984 -10.196 -11.087          0.896 -0.299 -0.138 -1.262 
     D    61    59 3    62     5  -7.779  -0.108  -5.405  -6.836  -4.831         
    IR    62    62 3    62     5  -2.408  -0.496  -5.920  -4.087  -5.193          0.000  0.000  0.000  0.000 
				[ MATP   17 ]
    MP    63    62 3    67     6 -11.403 -11.342  -0.004 -10.119 -10.398 -10.793 -5.343  0.214 -6.296  0.790 -7.074 -6.112  1.233 -5.805 -5.451  3.065 -5.137 -0.584  0.499 -5.483 -3.020 -4.680 
    ML    64    62 3    67     6  -6.250  -6.596  -1.310  -1.005  -6.446  -3.975  0.660 -0.612 -0.293 -0.076 
    MR    65    62 3    67     6  -6.988  -5.717  -1.625  -5.695  -0.829  -3.908  0.660 -0.612 -0.293 -0.076 
     D    66    62 3    67     6  -9.049  -7.747  -3.544  -4.226  -4.244  -0.319 
    IL    67    67 5    67     6  -2.579  -2.842  -0.760  -4.497  -5.274  -4.934  0.000  0.000  0.000  0.000 
    IR    68    68 6    68     5  -2.408  -0.496  -5.920  -4.087  -5.193          0.000  0.000  0.000  0.000 
				[ MATP   18 ]
    MP    69    68 6    73     4  -1.834  -3.722  -1.129  -2.422                 -7.689 -7.691 -5.957 -3.102 -5.615 -6.591  3.603 -6.581 -9.045 -3.053 -5.969 -4.731  1.740 -8.333 -2.916 -6.567 
    ML    70    68 6    73     4  -3.758  -3.940  -0.507  -2.670                  0.660 -0.612 -0.293 -0.076 
    MR    71    68 6    73     4  -4.809  -3.838  -1.706  -0.766                  0.660 -0.612 -0.293 -0.076 
     D    72    68 6    73     4  -4.568  -4.250  -2.265  -0.520                 
    IL    73    73 5    73     4  -2.408  -0.351  -5.272  -9.010                  0.000  0.000  0.000  0.000 
    IR    74    74 6    74     3  -1.185  -0.845  -8.185                          0.000  0.000  0.000  0.000 
				[ MATL   19 ]
    ML    75    74 6    77     5 -10.023  -0.005  -9.838 -10.050 -10.942         -1.134  0.405  0.185  0.116 
     D    76    74 6    77     5  -8.423  -2.227  -7.684  -6.059  -0.389         
    IL    77    77 3    77     5  -2.408  -0.496  -4.087  -5.920  -5.193          0.000  0.000  0.000  0.000 
				[ MATP   20 ]
    MP    78    77 3    82     6 -11.197 -11.137  -0.005  -9.913 -10.193 -10.588 -2.358  1.278 -2.421  0.471 -0.670  0.742  0.133 -2.290 -2.495  1.641 -2.640 -0.403 -0.927  1.244 -0.196 -2.151 
    ML    79    77 3    82     6  -6.250  -6.596  -1.310  -1.005  -6.446  -3.975  0.660 -0.612 -0.293 -0.076 
    MR    80    77 3    82     6  -6.988  -5.717  -1.625  -5.695  -0.829  -3.908  0.660 -0.612 -0.293 -0.076 
     D    81    77 3    82     6 -12.637 -11.336  -0.114  -7.815  -7.832  -3.908 
    IL    82    82 5    82     6  -2.579  -2.842  -0.760  -4.497  -5.274  -4.934  0.000  0.000  0.000  0.000 
    IR    83    83 6    83     5  -2.408  -0.496  -5.920  -4.087  -5.193          0.000  0.000  0.000  0.000 
				[ MATP   21 ]
    MP    84    83 6    88     6 -11.403 -11.342  -0.221 -10.119 -10.398  -2.843 -7.573 -6.468 -8.170  0.419 -7.082 -8.375  2.016 -7.446 -7.802  3.055 -7.432 -3.224  0.012 -7.837  0.170 -6.204 
    ML    85    83 6    88     6  -6.250  -6.596  -1.310  -1.005  -6.446  -3.975  0.660 -0.612 -0.293 -0.076 
    MR    86    83 6    88     6  -6.988  -5.717  -1.625  -5.695  -0.829  -3.908  0.660 -0.612 -0.293 -0.076 
     D    87    83 6    88     6  -9.049  -7.747  -3.544  -4.226  -4.244  -0.319 
    IL    88    88 5    88     6  -2.579  -2.842  -0.760  -4.497  -5.274  -4.934  0.000  0.000  0.000  0.000 
    IR    89    89 6    89     5  -2.408  -0.496  -5.920  -4.087  -5.193          0.000  0.000  0.000  0.000 
				[ MATP   22 ]
    MP    90    89 6    94     6  -4.440 -11.126  -0.073  -9.903 -10.183 -10.578 -7.260 -7.422 -5.467 -0.249 -1.343 -6.082  3.509 -6.131 -9.120  0.854 -5.518 -4.217 -1.062 -8.020 -0.103 -6.075 
    ML    91    89 6    94     6  -6.250  -6.596  -1.310  -1.005  -6.446  -3.975  0.660 -0.612 -0.293 -0.076 
    MR    92    89 6    94     6  -6.988  -5.717  -1.625  -5.695  -0.829  -3.908  0.660 -0.612 -0.293 -0.076 
     D    93    89 6    94     6 -12.697 -11.395  -7.192  -7.875  -7.892  -0.023 
    IL    94    94 5    94     6  -4.112  -4.375  -0.220  -6.031  -6.807  -6.467  0.000  0.000  0.000  0.000 
    IR    95    95 6    95     5  -2.408  -0.496  -5.920  -4.087  -5.193          0.000  0.000  0.000  0.000 
				[ MATP   23 ]
    MP    96    95 6   100     4  -1.798 -11.242  -1.044  -2.140                 -6.205 -5.189 -7.024  1.422 -6.774 -7.011  1.148 -6.460 -6.364  2.796 -6.040 -2.442  0.712 -6.395  1.136 -5.284 
    ML    97    95 6   100     4  -2.408  -4.532  -1.293  -1.473                  0.660 -0.612 -0.293 -0.076 
    MR    98    95 6   100     4  -4.102 -12.528  -0.390  -2.485                  0.660 -0.612 -0.293 -0.076 
     D    99    95 6   100     4 -18.520 -19.789  -7.818  -0.006                 
    IL   100   100 5   100     4  -6.112  -7.615  -0.223  -3.016                  0.000  0.000  0.000  0.000 
    IR   101   101 6   101     3  -1.925  -0.554  -4.164                          0.000  0.000  0.000  0.000 
				[ MATR   24 ]
    MR   102   101 6   104     5  -3.022  -0.592  -2.538  -9.674  -4.643         -1.258  1.395 -1.970 -0.521 
     D   103   101 6   104     5  -9.535  -1.038  -7.161  -8.592  -0.994         
    IR   104   104 3   104     5  -3.996  -0.147  -7.508  -5.675  -6.781          0.000  0.000  0.000  0.000 
				[ MATP   25 ]
    MP   105   104 3   109     6 -10.909 -10.849  -0.133  -9.625  -4.666  -4.434 -4.934 -3.920 -5.861  1.082 -6.465 -0.433  0.013 -5.399 -5.010  3.161 -4.711 -1.515  0.700 -4.993 -0.130 -4.286 
    ML   106   104 3   109     6  -9.113  -9.459  -4.174  -0.103  -9.309  -6.839  1.879 -3.468 -3.320 -2.938 
    MR   107   104 3   109     6  -6.988  -5.717  -1.625  -5.695  -0.829  -3.908  0.660 -0.612 -0.293 -0.076 
     D   108   104 3   109     6 -13.143 -11.842  -7.639  -8.321  -8.338  -0.017 
    IL   109   109 5   109     6  -2.579  -2.842  -0.760  -4.497  -5.274  -4.934  0.000  0.000  0.000  0.000 
    IR   110   110 6   110     5  -2.408  -0.496  -5.920  -4.087  -5.193          0.000  0.000  0.000  0.000 
				[ MATP   26 ]
    MP   111   110 6   115     4  -9.703  -0.593  -4.021  -1.866                 -6.688 -7.039 -4.662 -2.564 -4.411 -0.943  3.767 -5.434 -9.088 -0.717 -4.691 -4.549 -0.778 -7.508 -1.866 -5.689 
    ML   112   110 6   115     4  -6.263  -6.445  -1.544  -0.661                 -2.626  1.832 -3.498 -2.396 
    MR   113   110 6   115     4  -6.284  -5.313  -3.181  -0.232                  1.592 -1.854 -1.721 -1.305 
     D   114   110 6   115     4  -8.781  -8.462  -1.287  -0.774                 
    IL   115   115 5   115     4  -1.686  -2.369  -1.117  -4.855                  0.000  0.000  0.000  0.000 
    IR   116   116 6   116     3  -4.852  -0.059  -7.552                          0.000  0.000  0.000  0.000 
				[ MATL   27 ]
    ML   117   116 6   119     3  -0.948  -1.059  -9.223                          0.507 -4.414  1.298 -3.762 
     D   118   116 6   119     3 -11.565  -0.368  -2.152                         
    IL   119   119 3   119     3  -0.116  -5.006  -4.442                          0.000  0.000  0.000  0.000 
				[ MATL   28 ]
    ML   120   119 3   122     3 -10.880  -0.003  -9.534                          0.567  0.061  0.353 -2.338 
     D   121   119 3   122     3 -11.002  -6.515  -0.017                         
    IL   122   122 3   122     3  -1.442  -0.798  -4.142                          0.000  0.000  0.000  0.000 
				[ MATL   29 ]
    ML   123   122 3   125     3 -10.880  -0.003  -9.534                         -0.109 -0.810  0.851 -0.518 
     D   124   122 3   125     3 -11.002  -6.515  -0.017                         
    IL   125   125 3   125     3  -1.442  -0.798  -4.142                          0.000  0.000  0.000  0.000 
				[ MATL   30 ]
    ML   126   125 3   128     3 -10.880  -0.003  -9.534                         -0.806 -3.280 -2.220  1.637 
     D   127   125 3   128     3 -11.002  -6.515  -0.017                         
    IL   128   128 3   128     3  -1.442  -0.798  -4.142                          0.000  0.000  0.000  0.000 
				[ MATL   31 ]
    ML   129   128 3   131     3 -10.880  -0.080  -4.230                         -1.445  0.772  0.370 -0.662 
     D   130   128 3   131     3 -11.002  -6.515  -0.017                         
    IL   131   131 3   131     3  -1.442  -0.798  -4.142                          0.000  0.000  0.000  0.000 
				[ MATL   32 ]
    ML   132   131 3   134     3 -10.803  -0.377  -2.124                          1.037 -1.827  0.574 -2.498 
     D   133   131 3   134     3 -11.175  -6.688  -0.015                         
    IL   134   134 3   134     3  -1.442  -0.798  -4.142                          0.000  0.000  0.000  0.000 
				[ MATL   33 ]
    ML   135   134 3   137     3  -3.825  -0.208  -3.977                         -0.848  0.896 -0.328 -0.346 
     D   136   134 3   137     3 -11.732  -2.872  -0.212                         
    IL   137   137 3   137     3  -0.585  -1.640  -6.338                          0.000  0.000  0.000  0.000 
				[ MATL   34 ]
    ML   138   137 3   140     3 -10.512  -0.004  -9.166                         -3.358  1.578 -4.259 -0.211 
     D   139   137 3   140     3 -11.638  -7.151  -0.011                         
    IL   140   140 3   140     3  -1.442  -0.798  -4.142                          0.000  0.000  0.000  0.000 
				[ MATL   35 ]
    ML   141   140 3   143     3 -10.512  -0.004  -9.166                         -4.151  1.631 -0.351 -3.996 
     D   142   140 3   143     3 -11.638  -7.151  -0.011                         
    IL   143   143 3   143     3  -1.442  -0.798  -4.142                          0.000  0.000  0.000  0.000 
				[ MATL   36 ]
    ML   144   143 3   146     3  -1.033  -1.126  -4.237                          0.141 -0.120 -1.468  0.692 
     D   145   143 3   146     3  -1.017  -7.151  -1.003                         
    IL   146   146 3   146     3  -0.153  -3.316 -11.121                          0.000  0.000  0.000  0.000 
				[ MATL   37 ]
    ML   147   146 3   149     2       *   0.000                                 -0.045 -0.174 -0.595  0.568 
     D   148   146 3   149     2       *   0.000                                 
    IL   149   149 3   149     2  -1.823  -0.479                                  0.000  0.000  0.000  0.000 
				[ END    38 ]
     E   150   149 3    -1     0                                                 
//
