INFERNAL-1 [1.0.2]
NAME     C-loop
GA       10.00
STATES   172
NODES    49
ALPHABET 1
ELSELF   -0.08926734
WBETA    1e-07
NSEQ     19
EFFNSEQ  19.000
CLEN     56
BCOM     cmbuild -F C-loop/CM C-loop/SEED
BDATE    Wed May 30 12:09:10 2012
CCOM     /home/ppg15/bin/cmcalibrate --mpi -s 1 /home/ppg15/motifs/C-loop/CM
CDATE    Wed May 30 12:12:42 2012
NULL     0.000  0.000  0.000  0.000 
PART     1        0    100  
E-LC     0      0.56009    -6.21114     3.56844     1500000      269150  0.004180
E-GC     0      0.60028    -5.19247     4.56994     1500000      131546  0.002851
E-LI     0      0.61309    -2.77924     5.81397     1500000      218367  0.005152
E-GI     0      0.66731    -2.07728     6.35526     1500000      104202  0.003599
E-LV     0      0.68427    -0.35454     6.59585    15000000      130803  0.008601
E-GV     0      0.75234     0.06815     7.55065    15000000      104435  0.003591
E-LF     0      0.83164     3.60736     9.31209    15000000      129287  0.008702
E-GF     0      0.81074     2.68767     9.62707    15000000      104086  0.003603
FT-LC    36  0.99300  10000  1500000  0
             2.8566    2.64797    2.38951     2.3079    2.21623     2.0997    1.96866    1.90831    1.72119    1.57849    1.45429    1.35752    1.07604   0.997361    0.85906   0.778381   0.670797   0.587285    0.51608   0.502391   0.461888   0.438681   0.407611   0.383158   0.376703    0.34471   0.318483   0.293627   0.270161    0.26063   0.221488   0.212884   0.185557    0.17665     0.1585   0.149606 
            8329.79    7316.29     6550.2    5869.21    5267.77    4708.34    3950.57    3519.31    3142.95    2825.58    2517.12    2240.47    1999.21    1791.36     1552.6    1381.96    1225.99    1087.62    972.119    863.121    763.164    682.117    607.653    546.293    487.466    437.878    393.989    354.499    318.701    285.093    243.829    218.843    189.046    170.097    149.277    138.862 
FT-LI    35  0.99300  10000  1500000  0
            3.35445     3.1836    3.03785    2.85395     2.7017    2.49083    2.25964    2.14209    2.00443    1.79086    1.70319    1.43077    1.24734    1.10673   0.991471   0.867119   0.763143   0.662283   0.616493   0.604619   0.581092   0.524464   0.483941   0.468453   0.381934   0.361767   0.323447   0.307023    0.28912   0.252607   0.235437    0.22817   0.217913   0.188019   0.178372 
            8329.79    7316.29     6550.2    5869.21    5267.77    4735.83    3872.51    3348.01    2992.46    2665.78    2337.54    2085.83    1868.97    1666.33    1494.33    1337.86    1200.76     1057.3    944.231    846.768    736.968    655.425    583.875     501.03    450.436    397.609    357.162    320.296    286.996    243.829    218.843    189.046    170.097    150.148    138.862 
FT-GC    37  0.99300  10000  1500000  0
            1.92357    1.73001     1.5531    1.39641    1.18309    1.05512   0.958912   0.850273    0.80249   0.701512   0.666071   0.633887   0.558711   0.489813   0.465586   0.405522   0.375659   0.355002   0.323306   0.301615   0.270998   0.231206   0.207238   0.182323   0.159447   0.147736   0.133051   0.117274   0.110622  0.0972053  0.0944026  0.0883251   0.083416    0.07558  0.0734336  0.0697446  0.0626731 
            6310.27    5524.63    4856.46    4176.66    3737.59    3360.98    2890.52    2597.16    2157.09    1935.02    1733.01    1557.12    1340.25    1204.22    1083.76    975.352    870.698    776.643    680.501    609.952    526.276     458.89    400.457    356.909    311.209    278.945    242.834    218.189    193.518    166.835    150.146    134.253    120.335    107.075    95.7412    85.8154    81.7121 
FT-GI    38  0.99300  10000  1500000  0
            1.78655    1.75472    1.60455    1.34083    1.16813    1.07058    1.00046   0.896379   0.818763   0.773937   0.726195   0.647572   0.584757   0.532071   0.478112   0.428823   0.353283   0.323822   0.289208   0.279597   0.245839   0.230809   0.201758    0.18772   0.169589   0.133358   0.127063   0.117729   0.113107  0.0959594  0.0889641  0.0820404  0.0780446  0.0710938   0.063574  0.0578882  0.0521486  0.0507232 
            6203.74    5524.63    4856.46    4176.66    3737.59    3360.98    2952.09    2639.61    2339.25    2083.18    1846.14    1660.12     1486.8    1336.99     1194.5    1062.02    947.296     822.66    737.372    661.999    594.331    526.276    461.501    404.372    361.569    322.511     288.14    258.896    232.244    207.661     182.99    158.271    140.831    126.333    112.595    100.432     88.644    81.7121 
MODEL:
				[ ROOT    0 ]
     S     0    -1 0     1     6  -2.445 -10.558  -0.615  -9.334  -9.614  -2.646 
    IL     1     1 2     1     6  -0.483  -1.992  -5.146  -8.884  -9.660  -9.320  0.000  0.000  0.000  0.000 
    IR     2     2 3     2     5  -0.426  -2.005  -9.856  -8.024  -9.130          0.000  0.000  0.000  0.000 
				[ MATP    1 ]
    MP     3     2 3     7     6 -10.369 -10.308  -0.009  -9.085  -9.364  -9.759 -3.918 -3.932 -4.093  0.234 -3.057 -4.528  2.329 -4.055 -4.259  1.351 -0.662  0.544  1.689 -3.853  0.350 -3.011 
    ML     4     2 3     7     6  -6.250  -6.596  -1.310  -1.005  -6.446  -3.975  0.660 -0.612 -0.293 -0.076 
    MR     5     2 3     7     6  -6.988  -5.717  -1.625  -5.695  -0.829  -3.908  0.660 -0.612 -0.293 -0.076 
     D     6     2 3     7     6 -12.164 -10.862  -1.676  -7.341  -0.767  -3.434 
    IL     7     7 5     7     6  -2.579  -2.842  -0.760  -4.497  -5.274  -4.934  0.000  0.000  0.000  0.000 
    IR     8     8 6     8     5  -2.408  -0.496  -5.920  -4.087  -5.193          0.000  0.000  0.000  0.000 
				[ MATP    2 ]
    MP     9     8 6    13     6  -3.180 -10.399  -0.177  -9.175  -9.455  -9.850 -2.908  1.337 -3.256 -0.762 -2.723 -3.660 -0.832 -3.251 -3.203  1.251 -3.530  0.883  2.561 -0.078 -1.605 -2.735 
    ML    10     8 6    13     6  -6.250  -6.596  -1.310  -1.005  -6.446  -3.975  0.660 -0.612 -0.293 -0.076 
    MR    11     8 6    13     6  -9.137  -7.866  -0.238  -7.844  -2.978  -6.058 -1.822  1.702 -2.660 -1.712 
     D    12     8 6    13     6  -9.049  -7.747  -3.544  -4.226  -4.244  -0.319 
    IL    13    13 5    13     6  -4.485  -4.748  -0.167  -6.403  -7.179  -6.839  0.000  0.000  0.000  0.000 
    IR    14    14 6    14     5  -2.408  -0.496  -5.920  -4.087  -5.193          0.000  0.000  0.000  0.000 
				[ MATP    3 ]
    MP    15    14 6    19     6 -10.618 -10.558  -0.007  -9.334  -9.614 -10.009 -6.383 -5.437 -7.063 -1.181 -6.722 -7.180  2.524 -6.524 -6.355  3.058 -0.240 -2.794 -1.851 -6.401 -3.348 -5.519 
    ML    16    14 6    19     6  -6.250  -6.596  -1.310  -1.005  -6.446  -3.975  0.660 -0.612 -0.293 -0.076 
    MR    17    14 6    19     6  -6.988  -5.717  -1.625  -5.695  -0.829  -3.908  0.660 -0.612 -0.293 -0.076 
     D    18    14 6    19     6  -9.049  -7.747  -3.544  -4.226  -4.244  -0.319 
    IL    19    19 5    19     6  -2.579  -2.842  -0.760  -4.497  -5.274  -4.934  0.000  0.000  0.000  0.000 
    IR    20    20 6    20     5  -2.408  -0.496  -5.920  -4.087  -5.193          0.000  0.000  0.000  0.000 
				[ MATP    4 ]
    MP    21    20 6    25     6 -10.618 -10.558  -0.007  -9.334  -9.614 -10.009 -4.469 -3.602 -5.167  3.419 -5.413 -5.206  0.176 -4.275 -4.936  1.141 -5.590 -1.865 -1.130 -5.004 -0.277 -3.829 
    ML    22    20 6    25     6  -6.250  -6.596  -1.310  -1.005  -6.446  -3.975  0.660 -0.612 -0.293 -0.076 
    MR    23    20 6    25     6  -6.988  -5.717  -1.625  -5.695  -0.829  -3.908  0.660 -0.612 -0.293 -0.076 
     D    24    20 6    25     6  -9.049  -7.747  -3.544  -4.226  -4.244  -0.319 
    IL    25    25 5    25     6  -2.579  -2.842  -0.760  -4.497  -5.274  -4.934  0.000  0.000  0.000  0.000 
    IR    26    26 6    26     5  -2.408  -0.496  -5.920  -4.087  -5.193          0.000  0.000  0.000  0.000 
				[ MATP    5 ]
    MP    27    26 6    31     4  -2.354  -1.567  -1.110  -8.117                 -7.379 -6.537 -7.650 -1.117 -6.023 -8.352  1.893 -6.981 -7.739  2.928 -7.540 -2.820  1.915 -7.714 -2.202 -5.708 
    ML    28    26 6    31     4  -3.758  -3.940  -0.507  -2.670                  0.660 -0.612 -0.293 -0.076 
    MR    29    26 6    31     4  -4.809  -3.838  -1.706  -0.766                  0.660 -0.612 -0.293 -0.076 
     D    30    26 6    31     4  -4.568  -4.250  -2.265  -0.520                 
    IL    31    31 5    31     4  -4.263  -1.300  -0.899  -7.432                  0.000  0.000  0.000  0.000 
    IR    32    32 6    32     3  -2.342  -0.331  -7.037                          0.000  0.000  0.000  0.000 
				[ MATL    6 ]
    ML    33    32 6    35     3  -2.661  -0.252  -9.078                         -4.003  1.840 -1.860 -3.609 
     D    34    32 6    35     3  -6.174  -1.687  -0.566                         
    IL    35    35 3    35     3  -3.032  -0.219  -5.732                          0.000  0.000  0.000  0.000 
				[ MATL    7 ]
    ML    36    35 3    38     3 -10.424  -0.004  -9.078                          1.822 -1.966 -3.438 -3.115 
     D    37    35 3    38     3  -6.174  -1.687  -0.566                         
    IL    38    38 3    38     3  -1.442  -0.798  -4.142                          0.000  0.000  0.000  0.000 
				[ MATL    8 ]
    ML    39    38 3    41     3 -10.735  -0.004  -9.053                         -0.132  1.544 -4.107 -3.140 
     D    40    38 3    41     3  -5.620  -0.734  -1.403                         
    IL    41    41 3    41     3  -1.925  -0.554  -4.164                          0.000  0.000  0.000  0.000 
				[ MATR    9 ]
    MR    42    41 3    44     5  -9.395  -0.008  -9.210  -9.422 -10.314          0.946 -0.762  0.304 -2.003 
     D    43    41 3    44     5  -5.352  -0.707  -2.978  -4.409  -2.404         
    IR    44    44 3    44     5  -2.408  -0.496  -5.920  -4.087  -5.193          0.000  0.000  0.000  0.000 
				[ MATP   10 ]
    MP    45    44 3    49     6 -10.618 -10.558  -0.007  -9.334  -9.614 -10.009 -3.988 -4.682 -4.500 -0.697 -0.053 -5.255  1.122 -4.688 -4.496  1.507 -4.960 -2.392  2.929 -4.298 -1.568 -0.125 
    ML    46    44 3    49     6  -6.250  -6.596  -1.310  -1.005  -6.446  -3.975  0.660 -0.612 -0.293 -0.076 
    MR    47    44 3    49     6  -6.988  -5.717  -1.625  -5.695  -0.829  -3.908  0.660 -0.612 -0.293 -0.076 
     D    48    44 3    49     6  -9.049  -7.747  -3.544  -4.226  -4.244  -0.319 
    IL    49    49 5    49     6  -2.579  -2.842  -0.760  -4.497  -5.274  -4.934  0.000  0.000  0.000  0.000 
    IR    50    50 6    50     5  -2.408  -0.496  -5.920  -4.087  -5.193          0.000  0.000  0.000  0.000 
				[ MATP   11 ]
    MP    51    50 6    55     6 -10.618 -10.558  -0.187  -9.334  -9.614  -3.091 -5.278 -3.939 -6.222  1.004 -6.861 -5.207  0.486 -5.686 -5.072  3.360 -4.707  0.509 -1.148 -4.868 -2.786 -4.544 
    ML    52    50 6    55     6  -6.250  -6.596  -1.310  -1.005  -6.446  -3.975  0.660 -0.612 -0.293 -0.076 
    MR    53    50 6    55     6  -6.988  -5.717  -1.625  -5.695  -0.829  -3.908  0.660 -0.612 -0.293 -0.076 
     D    54    50 6    55     6  -9.049  -7.747  -3.544  -4.226  -4.244  -0.319 
    IL    55    55 5    55     6  -2.579  -2.842  -0.760  -4.497  -5.274  -4.934  0.000  0.000  0.000  0.000 
    IR    56    56 6    56     5  -2.408  -0.496  -5.920  -4.087  -5.193          0.000  0.000  0.000  0.000 
				[ MATP   12 ]
    MP    57    56 6    61     6 -10.440 -10.379  -0.283  -4.286  -4.172  -3.838 -5.581 -4.543 -6.416  2.077 -6.615 -6.435 -1.021 -5.832 -5.641  2.651 -5.356 -1.950 -1.127 -5.714  2.027 -4.754 
    ML    58    56 6    61     6  -6.250  -6.596  -1.310  -1.005  -6.446  -3.975  0.660 -0.612 -0.293 -0.076 
    MR    59    56 6    61     6  -6.988  -5.717  -1.625  -5.695  -0.829  -3.908  0.660 -0.612 -0.293 -0.076 
     D    60    56 6    61     6 -11.775 -10.473  -6.270  -6.952  -6.970  -0.044 
    IL    61    61 5    61     6  -2.579  -2.842  -0.760  -4.497  -5.274  -4.934  0.000  0.000  0.000  0.000 
    IR    62    62 6    62     5  -2.408  -0.496  -5.920  -4.087  -5.193          0.000  0.000  0.000  0.000 
				[ MATP   13 ]
    MP    63    62 6    67     4  -1.748  -2.249  -1.732  -2.390                 -2.900 -3.846 -3.588 -1.710  1.317 -4.400 -1.109 -3.874 -3.401 -2.212  0.644 -2.674 -0.025 -3.351  2.848  1.018 
    ML    64    62 6    67     4  -4.918  -0.782  -1.667  -3.830                 -0.497 -1.100 -1.282  1.271 
    MR    65    62 6    67     4  -6.301  -0.580  -3.197  -2.258                  1.598 -1.872 -1.741 -1.322 
     D    66    62 6    67     4  -1.691  -7.418  -5.434  -0.597                 
    IL    67    67 5    67     4  -0.628  -2.884  -2.210  -9.291                  0.000  0.000  0.000  0.000 
    IR    68    68 6    68     3  -0.789  -1.263  -7.762                          0.000  0.000  0.000  0.000 
				[ MATL   14 ]
    ML    69    68 6    71     3  -9.976  -0.147  -3.379                         -0.522  0.349  0.161 -0.133 
     D    70    68 6    71     3 -10.040  -1.182  -0.841                         
    IL    71    71 3    71     3  -1.442  -0.798  -4.142                          0.000  0.000  0.000  0.000 
				[ MATL   15 ]
    ML    72    71 3    74     3 -10.074  -0.005  -8.728                         -0.446 -1.177  0.726  0.225 
     D    73    71 3    74     3  -9.753  -5.266  -0.040                         
    IL    74    74 3    74     3  -1.442  -0.798  -4.142                          0.000  0.000  0.000  0.000 
				[ MATL   16 ]
    ML    75    74 3    77     3 -10.074  -0.005  -8.728                          0.356 -2.229  0.549  0.062 
     D    76    74 3    77     3  -9.753  -5.266  -0.040                         
    IL    77    77 3    77     3  -1.442  -0.798  -4.142                          0.000  0.000  0.000  0.000 
				[ MATL   17 ]
    ML    78    77 3    80     3 -10.074  -0.005  -8.728                          0.068 -0.459 -0.007  0.297 
     D    79    77 3    80     3  -9.753  -5.266  -0.040                         
    IL    80    80 3    80     3  -1.442  -0.798  -4.142                          0.000  0.000  0.000  0.000 
				[ MATL   18 ]
    ML    81    80 3    83     3 -10.074  -0.005  -8.728                         -1.613  0.635  0.440 -0.390 
     D    82    80 3    83     3  -9.753  -5.266  -0.040                         
    IL    83    83 3    83     3  -1.442  -0.798  -4.142                          0.000  0.000  0.000  0.000 
				[ MATL   19 ]
    ML    84    83 3    86     3 -10.074  -0.005  -8.728                         -0.820 -0.436  0.472  0.387 
     D    85    83 3    86     3  -9.753  -5.266  -0.040                         
    IL    86    86 3    86     3  -1.442  -0.798  -4.142                          0.000  0.000  0.000  0.000 
				[ MATL   20 ]
    ML    87    86 3    89     3 -10.074  -0.005  -8.728                          0.397 -0.812  0.627 -0.813 
     D    88    86 3    89     3  -9.753  -5.266  -0.040                         
    IL    89    89 3    89     3  -1.442  -0.798  -4.142                          0.000  0.000  0.000  0.000 
				[ MATL   21 ]
    ML    90    89 3    92     3 -10.074  -0.005  -8.728                         -0.762  0.035  0.325  0.181 
     D    91    89 3    92     3  -9.753  -5.266  -0.040                         
    IL    92    92 3    92     3  -1.442  -0.798  -4.142                          0.000  0.000  0.000  0.000 
				[ MATL   22 ]
    ML    93    92 3    95     3 -10.074  -0.005  -8.728                         -1.588 -0.059  0.457  0.417 
     D    94    92 3    95     3  -9.753  -5.266  -0.040                         
    IL    95    95 3    95     3  -1.442  -0.798  -4.142                          0.000  0.000  0.000  0.000 
				[ MATL   23 ]
    ML    96    95 3    98     3 -10.074  -0.005  -8.728                         -1.800 -0.341  1.130 -0.446 
     D    97    95 3    98     3  -9.753  -5.266  -0.040                         
    IL    98    98 3    98     3  -1.442  -0.798  -4.142                          0.000  0.000  0.000  0.000 
				[ MATL   24 ]
    ML    99    98 3   101     3 -10.074  -0.005  -8.728                         -0.438 -0.872  0.950 -0.352 
     D   100    98 3   101     3  -9.753  -5.266  -0.040                         
    IL   101   101 3   101     3  -1.442  -0.798  -4.142                          0.000  0.000  0.000  0.000 
				[ MATL   25 ]
    ML   102   101 3   104     3 -10.074  -0.005  -8.728                         -1.582 -0.003  0.265  0.553 
     D   103   101 3   104     3  -9.753  -5.266  -0.040                         
    IL   104   104 3   104     3  -1.442  -0.798  -4.142                          0.000  0.000  0.000  0.000 
				[ MATL   26 ]
    ML   105   104 3   107     3 -10.074  -0.127  -3.580                         -0.371  0.779 -0.553 -0.269 
     D   106   104 3   107     3  -9.753  -1.571  -0.595                         
    IL   107   107 3   107     3  -1.442  -0.798  -4.142                          0.000  0.000  0.000  0.000 
				[ MATL   27 ]
    ML   108   107 3   110     3 -10.091  -0.005  -8.745                         -1.006  1.192 -2.675  0.085 
     D   109   107 3   110     3  -9.695  -0.089  -4.087                         
    IL   110   110 3   110     3  -1.442  -0.798  -4.142                          0.000  0.000  0.000  0.000 
				[ MATL   28 ]
    ML   111   110 3   113     3 -10.424  -0.004  -9.078                         -1.183 -0.045  0.982 -0.701 
     D   112   110 3   113     3  -6.174  -1.687  -0.566                         
    IL   113   113 3   113     3  -1.442  -0.798  -4.142                          0.000  0.000  0.000  0.000 
				[ MATL   29 ]
    ML   114   113 3   116     3 -10.424  -0.004  -9.078                          0.606  0.493 -2.689 -0.127 
     D   115   113 3   116     3  -6.174  -1.687  -0.566                         
    IL   116   116 3   116     3  -1.442  -0.798  -4.142                          0.000  0.000  0.000  0.000 
				[ MATL   30 ]
    ML   117   116 3   119     3 -10.424  -0.272  -2.547                         -0.143 -0.065  0.934 -2.128 
     D   118   116 3   119     3  -6.174  -1.687  -0.566                         
    IL   119   119 3   119     3  -1.442  -0.798  -4.142                          0.000  0.000  0.000  0.000 
				[ MATL   31 ]
    ML   120   119 3   122     3 -10.157  -0.138  -3.472                          1.286 -0.210 -2.590 -0.915 
     D   121   119 3   122     3  -9.438  -0.107  -3.830                         
    IL   122   122 3   122     3  -1.442  -0.798  -4.142                          0.000  0.000  0.000  0.000 
				[ MATL   32 ]
    ML   123   122 3   125     3 -10.315  -0.179  -3.111                          0.482 -0.711  0.451 -0.677 
     D   124   122 3   125     3  -8.411  -3.924  -0.103                         
    IL   125   125 3   125     3  -1.442  -0.798  -4.142                          0.000  0.000  0.000  0.000 
				[ MATL   33 ]
    ML   126   125 3   128     3 -10.140  -0.071  -4.408                          0.133 -1.191  0.672 -0.197 
     D   127   125 3   128     3  -9.507  -5.020  -0.047                         
    IL   128   128 3   128     3  -1.442  -0.798  -4.142                          0.000  0.000  0.000  0.000 
				[ MATL   34 ]
    ML   129   128 3   131     3 -10.074  -0.005  -8.728                          0.133 -0.583  0.975 -1.891 
     D   130   128 3   131     3  -9.753  -5.266  -0.040                         
    IL   131   131 3   131     3  -1.442  -0.798  -4.142                          0.000  0.000  0.000  0.000 
				[ MATL   35 ]
    ML   132   131 3   134     3 -10.074  -0.005  -8.728                         -1.597  0.453  0.457 -0.109 
     D   133   131 3   134     3  -9.753  -5.266  -0.040                         
    IL   134   134 3   134     3  -1.442  -0.798  -4.142                          0.000  0.000  0.000  0.000 
				[ MATL   36 ]
    ML   135   134 3   137     3 -10.074  -0.005  -8.728                          0.188  0.225 -2.395  0.586 
     D   136   134 3   137     3  -9.753  -5.266  -0.040                         
    IL   137   137 3   137     3  -1.442  -0.798  -4.142                          0.000  0.000  0.000  0.000 
				[ MATL   37 ]
    ML   138   137 3   140     3 -10.074  -0.005  -8.728                          0.218  0.615 -1.032 -0.293 
     D   139   137 3   140     3  -9.753  -5.266  -0.040                         
    IL   140   140 3   140     3  -1.442  -0.798  -4.142                          0.000  0.000  0.000  0.000 
				[ MATL   38 ]
    ML   141   140 3   143     3 -10.074  -0.005  -8.728                          0.342  0.066 -0.292 -0.203 
     D   142   140 3   143     3  -9.753  -5.266  -0.040                         
    IL   143   143 3   143     3  -1.442  -0.798  -4.142                          0.000  0.000  0.000  0.000 
				[ MATL   39 ]
    ML   144   143 3   146     3 -10.074  -0.005  -8.728                         -1.617  0.394  0.624 -0.288 
     D   145   143 3   146     3  -9.753  -5.266  -0.040                         
    IL   146   146 3   146     3  -1.442  -0.798  -4.142                          0.000  0.000  0.000  0.000 
				[ MATL   40 ]
    ML   147   146 3   149     3 -10.074  -0.005  -8.728                         -0.600  0.382 -0.009  0.061 
     D   148   146 3   149     3  -9.753  -5.266  -0.040                         
    IL   149   149 3   149     3  -1.442  -0.798  -4.142                          0.000  0.000  0.000  0.000 
				[ MATL   41 ]
    ML   150   149 3   152     3 -10.074  -0.005  -8.728                          1.070 -0.163 -0.499 -1.736 
     D   151   149 3   152     3  -9.753  -5.266  -0.040                         
    IL   152   152 3   152     3  -1.442  -0.798  -4.142                          0.000  0.000  0.000  0.000 
				[ MATL   42 ]
    ML   153   152 3   155     3 -10.074  -0.120  -3.661                          0.663  1.049 -2.972 -2.182 
     D   154   152 3   155     3  -9.753  -5.266  -0.040                         
    IL   155   155 3   155     3  -1.442  -0.798  -4.142                          0.000  0.000  0.000  0.000 
				[ MATL   43 ]
    ML   156   155 3   158     3  -9.959  -0.005  -8.613                          0.078  0.443  0.311 -1.538 
     D   157   155 3   158     3 -10.082  -2.155  -0.369                         
    IL   158   158 3   158     3  -1.442  -0.798  -4.142                          0.000  0.000  0.000  0.000 
				[ MATL   44 ]
    ML   159   158 3   161     3 -10.074  -0.005  -8.728                          0.035  0.520  0.286 -1.631 
     D   160   158 3   161     3  -9.753  -5.266  -0.040                         
    IL   161   161 3   161     3  -1.442  -0.798  -4.142                          0.000  0.000  0.000  0.000 
				[ MATL   45 ]
    ML   162   161 3   164     3 -10.074  -0.173  -3.159                         -0.655  0.746 -0.060 -0.457 
     D   163   161 3   164     3  -9.753  -5.266  -0.040                         
    IL   164   164 3   164     3  -1.442  -0.798  -4.142                          0.000  0.000  0.000  0.000 
				[ MATL   46 ]
    ML   165   164 3   167     3  -9.907  -0.127  -3.584                         -0.670 -0.236 -0.409  0.823 
     D   166   164 3   167     3 -10.203  -5.716  -0.029                         
    IL   167   167 3   167     3  -1.442  -0.798  -4.142                          0.000  0.000  0.000  0.000 
				[ MATL   47 ]
    ML   168   167 3   170     2       *   0.000                                  0.551  0.174 -1.284 -0.006 
     D   169   167 3   170     2       *   0.000                                 
    IL   170   170 3   170     2  -1.823  -0.479                                  0.000  0.000  0.000  0.000 
				[ END    48 ]
     E   171   170 3    -1     0                                                 
//
