INFERNAL1/a [1.1 | October 2013]
NAME     RBS_B_subtilis
DESC     Shine-Dalgarno sequences of the Bacillus subtilis sub-type
STATES   121
NODES    41
CLEN     39
W        85
ALPH     RNA
RF       no
CONS     yes
MAP      yes
DATE     Fri May 30 15:04:38 2014
COM      [1] /share/data/bin/cmbuild -F /share/data/people/ppg15/motifs/RBS_B_subtilis/CM /share/data/people/ppg15/motifs/RBS_B_subtilis/SEED
COM      [2] /share/data/bin/cmcalibrate --mpi --seed 1 /share/data/people/ppg15/motifs/RBS_B_subtilis/CM
PBEGIN   0.05
PEND     0.05
WBETA    1e-07
QDBBETA1 1e-07
QDBBETA2 1e-15
N2OMEGA  1.52588e-05
N3OMEGA  1.52588e-05
ELSELF   -0.08926734
NSEQ     202
EFFN     202.000000
CKSUM    725585902
NULL     0.000  0.000  0.000  0.000 
GA       17.00
EFP7GF   -7.0664 0.76251
ECMLC    0.35449   -13.92349     4.05358     1600000      702805  0.001707
ECMGC    0.36991    -9.35477     7.29601     1600000      189245  0.002114
ECMLI    0.38341    -9.58469     4.55658     1600000      271579  0.004419
ECMGI    0.38465    -7.99557     7.46548     1600000      153056  0.002613
CM
                                             [ ROOT    0 ]      -      - - - - -
     S     0    -1 0     1     4     1     1    85   155 -12.802 -13.009  -0.001 -11.423                 
    IL     1     1 2     1     4     1     7    87   157  -1.686  -2.369  -1.117  -4.855                  0.000  0.000  0.000  0.000 
    IR     2     2 3     2     3     1     6    87   157  -1.442  -0.798  -4.142                          0.000  0.000  0.000  0.000 
                                             [ MATL    1 ]      1      - a - - -
    ML     3     2 3     5     3     1    12    85   155 -10.996  -0.001 -10.996                          0.668 -1.209 -1.118  0.601 
     D     4     2 3     5     3     0     0    83   153 -11.551  -1.585  -0.585                         
    IL     5     5 3     5     3     1    10   100   171  -0.384  -2.121  -8.028                          0.000  0.000  0.000  0.000 
                                             [ MATL    2 ]      2      - a - - -
    ML     6     5 3     8     3     1    11    84   154 -10.996  -0.001 -10.996                          0.613 -0.816 -0.720  0.374 
     D     7     5 3     8     3     0     0    82   152 -11.551  -1.585  -0.585                         
    IL     8     8 3     8     3     1     9    99   169  -0.384  -2.121  -8.028                          0.000  0.000  0.000  0.000 
                                             [ MATL    3 ]      3      - u - - -
    ML     9     8 3    11     3     1    10    83   153 -10.996  -0.001 -10.996                          0.241 -0.477 -0.804  0.611 
     D    10     8 3    11     3     0     0    81   151 -11.551  -1.585  -0.585                         
    IL    11    11 3    11     3     1     8    98   168  -0.384  -2.121  -8.028                          0.000  0.000  0.000  0.000 
                                             [ MATL    4 ]      4      - u - - -
    ML    12    11 3    14     3     1     9    82   152 -10.996  -0.001 -10.996                          0.478 -0.980 -1.237  0.745 
     D    13    11 3    14     3     0     0    80   149 -11.551  -1.585  -0.585                         
    IL    14    14 3    14     3     1     7    97   167  -0.384  -2.121  -8.028                          0.000  0.000  0.000  0.000 
                                             [ MATL    5 ]      5      - u - - -
    ML    15    14 3    17     3     1     8    81   151 -10.996  -0.001 -10.996                          0.325 -0.952 -1.189  0.841 
     D    16    14 3    17     3     0     0    79   148 -11.551  -1.585  -0.585                         
    IL    17    17 3    17     3     1     6    96   166  -0.384  -2.121  -8.028                          0.000  0.000  0.000  0.000 
                                             [ MATL    6 ]      6      - u - - -
    ML    18    17 3    20     3     1     8    80   150 -10.996  -0.001 -10.996                          0.530 -1.043 -1.941  0.857 
     D    19    17 3    20     3     0     0    77   147 -11.551  -1.585  -0.585                         
    IL    20    20 3    20     3     1     6    95   165  -0.384  -2.121  -8.028                          0.000  0.000  0.000  0.000 
                                             [ MATL    7 ]      7      - u - - -
    ML    21    20 3    23     3     1     7    79   148 -10.996  -0.001 -10.996                          0.546 -0.706 -1.528  0.660 
     D    22    20 3    23     3     0     0    76   146 -11.551  -1.585  -0.585                         
    IL    23    23 3    23     3     1     5    94   164  -0.384  -2.121  -8.028                          0.000  0.000  0.000  0.000 
                                             [ MATL    8 ]      8      - a - - -
    ML    24    23 3    26     3     1     6    78   147 -10.996  -0.001 -10.996                          0.642 -0.472 -1.952  0.547 
     D    25    23 3    26     3     0     0    75   145 -11.551  -1.585  -0.585                         
    IL    26    26 3    26     3     1     4    93   163  -0.384  -2.121  -8.028                          0.000  0.000  0.000  0.000 
                                             [ MATL    9 ]      9      - u - - -
    ML    27    26 3    29     3     1     6    76   146 -10.996  -0.001 -10.996                          0.282 -0.287 -1.001  0.551 
     D    28    26 3    29     3     0     0    74   144 -11.551  -1.585  -0.585                         
    IL    29    29 3    29     3     1     3    92   162  -0.384  -2.121  -8.028                          0.000  0.000  0.000  0.000 
                                             [ MATL   10 ]     10      - u - - -
    ML    30    29 3    32     3     1     5    75   145 -10.996  -0.001 -10.996                          0.553 -0.492 -1.803  0.618 
     D    31    29 3    32     3     0     0    73   143 -11.551  -1.585  -0.585                         
    IL    32    32 3    32     3     1     2    91   161  -0.384  -2.121  -8.028                          0.000  0.000  0.000  0.000 
                                             [ MATL   11 ]     11      - a - - -
    ML    33    32 3    35     3     1     4    74   144 -10.996  -0.001 -10.996                          0.835 -1.526 -1.640  0.630 
     D    34    32 3    35     3     0     0    72   141 -11.551  -1.585  -0.585                         
    IL    35    35 3    35     3     1     2    90   160  -0.384  -2.121  -8.028                          0.000  0.000  0.000  0.000 
                                             [ MATL   12 ]     12      - a - - -
    ML    36    35 3    38     3     1     4    73   143 -10.996  -0.001 -10.996                          0.680 -0.684 -1.099  0.388 
     D    37    35 3    38     3     0     0    71   140 -11.551  -1.585  -0.585                         
    IL    38    38 3    38     3     1     1    89   159  -0.384  -2.121  -8.028                          0.000  0.000  0.000  0.000 
                                             [ MATL   13 ]     13      - a - - -
    ML    39    38 3    41     3     1     3    72   142 -10.996  -0.001 -10.996                          0.892 -1.301 -1.149  0.365 
     D    40    38 3    41     3     0     0    69   139 -11.551  -1.585  -0.585                         
    IL    41    41 3    41     3     1     1    88   158  -0.384  -2.121  -8.028                          0.000  0.000  0.000  0.000 
                                             [ MATL   14 ]     14      - a - - -
    ML    42    41 3    44     3     1     3    71   140 -10.996  -0.001 -10.996                          0.820 -1.525 -0.230  0.049 
     D    43    41 3    44     3     0     0    68   138 -11.551  -1.585  -0.585                         
    IL    44    44 3    44     3     1     1    87   157  -0.384  -2.121  -8.028                          0.000  0.000  0.000  0.000 
                                             [ MATL   15 ]     15      - A - - -
    ML    45    44 3    47     3     1     2    70   139 -10.996  -0.001 -10.996                          1.305 -1.118 -1.135 -0.706 
     D    46    44 3    47     3     0     0    67   137 -11.551  -1.585  -0.585                         
    IL    47    47 3    47     3     1     1    86   156  -0.384  -2.121  -8.028                          0.000  0.000  0.000  0.000 
                                             [ MATL   16 ]     16      - A - - -
    ML    48    47 3    50     3     1     2    68   138 -10.996  -0.001 -10.996                          1.394 -2.373 -0.945 -0.600 
     D    49    47 3    50     3     0     0    66   136 -11.551  -1.585  -0.585                         
    IL    50    50 3    50     3     1     1    85   155  -0.384  -2.121  -8.028                          0.000  0.000  0.000  0.000 
                                             [ MATL   17 ]     17      - A - - -
    ML    51    50 3    53     3     1     2    67   137 -10.996  -0.001 -10.996                          1.501 -2.371 -0.189 -3.320 
     D    52    50 3    53     3     0     0    65   134 -11.551  -1.585  -0.585                         
    IL    53    53 3    53     3     1     1    84   154  -0.384  -2.121  -8.028                          0.000  0.000  0.000  0.000 
                                             [ MATL   18 ]     18      - A - - -
    ML    54    53 3    56     3     1     1    66   136 -10.996  -0.001 -10.996                          1.136 -3.149  0.599 -2.517 
     D    55    53 3    56     3     0     0    64   133 -11.551  -1.585  -0.585                         
    IL    56    56 3    56     3     1     1    83   153  -0.384  -2.121  -8.028                          0.000  0.000  0.000  0.000 
                                             [ MATL   19 ]     19      - G - - -
    ML    57    56 3    59     3     1     1    65   134 -10.996  -0.001 -10.996                         -0.953 -3.932  1.746 -3.963 
     D    58    56 3    59     3     0     0    62   132 -11.551  -1.585  -0.585                         
    IL    59    59 3    59     3     1     1    82   151  -0.384  -2.121  -8.028                          0.000  0.000  0.000  0.000 
                                             [ MATL   20 ]     20      - G - - -
    ML    60    59 3    62     3     1     1    64   133 -10.996  -0.001 -10.996                         -0.255 -8.802  1.658 -8.451 
     D    61    59 3    62     3     0     0    61   131 -11.551  -1.585  -0.585                         
    IL    62    62 3    62     3     1     1    81   150  -0.384  -2.121  -8.028                          0.000  0.000  0.000  0.000 
                                             [ MATL   21 ]     21      - G - - -
    ML    63    62 3    65     3     1     1    62   132 -10.996  -0.001 -10.996                          0.504 -7.379  1.325 -3.825 
     D    64    62 3    65     3     0     0    60   129 -11.551  -1.585  -0.585                         
    IL    65    65 3    65     3     1     1    80   149  -0.384  -2.121  -8.028                          0.000  0.000  0.000  0.000 
                                             [ MATL   22 ]     22      - G - - -
    ML    66    65 3    68     3     1     1    61   131 -10.996  -0.001 -10.996                         -1.213 -4.328  1.755 -2.804 
     D    67    65 3    68     3     0     0    59   128 -11.551  -1.585  -0.585                         
    IL    68    68 3    68     3     1     1    79   148  -0.384  -2.121  -8.028                          0.000  0.000  0.000  0.000 
                                             [ MATL   23 ]     23      - G - - -
    ML    69    68 3    71     3     1     1    60   129 -10.996  -0.001 -10.996                          0.061 -3.583  1.312 -1.352 
     D    70    68 3    71     3     0     0    58   127 -11.551  -1.585  -0.585                         
    IL    71    71 3    71     3     1     1    77   147  -0.384  -2.121  -8.028                          0.000  0.000  0.000  0.000 
                                             [ MATL   24 ]     24      - a - - -
    ML    72    71 3    74     3     1     1    59   128 -10.996  -0.001 -10.996                          0.689 -2.457  0.370 -0.130 
     D    73    71 3    74     3     0     0    56   126 -11.551  -1.585  -0.585                         
    IL    74    74 3    74     3     1     1    76   146  -0.384  -2.121  -8.028                          0.000  0.000  0.000  0.000 
                                             [ MATL   25 ]     25      - a - - -
    ML    75    74 3    77     3     1     1    57   127 -10.996  -0.001 -10.996                          0.733 -1.023  0.153 -0.445 
     D    76    74 3    77     3     0     0    55   124 -11.551  -1.585  -0.585                         
    IL    77    77 3    77     3     1     1    75   145  -0.384  -2.121  -8.028                          0.000  0.000  0.000  0.000 
                                             [ MATL   26 ]     26      - u - - -
    ML    78    77 3    80     3     1     1    56   126 -10.996  -0.001 -10.996                          0.339 -0.988 -1.592  0.926 
     D    79    77 3    80     3     0     0    54   123 -11.551  -1.585  -0.585                         
    IL    80    80 3    80     3     1     1    74   144  -0.384  -2.121  -8.028                          0.000  0.000  0.000  0.000 
                                             [ MATL   27 ]     27      - u - - -
    ML    81    80 3    83     3     1     1    55   124 -10.996  -0.001 -10.996                         -0.189 -0.055 -1.199  0.786 
     D    82    80 3    83     3     0     0    52   122 -11.551  -1.585  -0.585                         
    IL    83    83 3    83     3     1     1    73   143  -0.384  -2.121  -8.028                          0.000  0.000  0.000  0.000 
                                             [ MATL   28 ]     28      - a - - -
    ML    84    83 3    86     3     1     1    53   123 -10.996  -0.001 -10.996                          0.744 -0.409 -0.405 -0.292 
     D    85    83 3    86     3     0     0    51   120 -11.551  -1.585  -0.585                         
    IL    86    86 3    86     3     1     1    72   142  -0.384  -2.121  -8.028                          0.000  0.000  0.000  0.000 
                                             [ MATL   29 ]     29      - a - - -
    ML    87    86 3    89     3     1     1    52   121 -10.996  -0.001 -10.996                          0.787 -0.732 -1.036  0.244 
     D    88    86 3    89     3     0     0    50   119 -11.551  -1.585  -0.585                         
    IL    89    89 3    89     3     1     1    71   141  -0.384  -2.121  -8.028                          0.000  0.000  0.000  0.000 
                                             [ MATL   30 ]     30      - c - - -
    ML    90    89 3    92     3     1     1    51   120 -10.996  -0.001 -10.996                         -0.420  0.849 -1.331  0.076 
     D    91    89 3    92     3     0     0    48   118 -11.551  -1.585  -0.585                         
    IL    92    92 3    92     3     1     1    70   140  -0.384  -2.121  -8.028                          0.000  0.000  0.000  0.000 
                                             [ MATL   31 ]     31      - A - - -
    ML    93    92 3    95     3     1     1    49   119 -10.996  -0.001 -10.996                          1.969 -9.487 -9.089 -3.618 
     D    94    92 3    95     3     0     0    47   116 -11.551  -1.585  -0.585                         
    IL    95    95 3    95     3     1     1    69   139  -0.384  -2.121  -8.028                          0.000  0.000  0.000  0.000 
                                             [ MATL   32 ]     32      - U - - -
    ML    96    95 3    98     3     1     1    48   117 -10.996  -0.001 -10.996                         -8.986 -9.156 -9.069  1.998 
     D    97    95 3    98     3     0     0    45   115 -11.551  -1.585  -0.585                         
    IL    98    98 3    98     3     1     1    68   138  -0.384  -2.121  -8.028                          0.000  0.000  0.000  0.000 
                                             [ MATL   33 ]     33      - G - - -
    ML    99    98 3   101     3     1     1    46   115 -10.996  -0.001 -10.996                         -9.107 -10.626  1.999 -10.238 
     D   100    98 3   101     3     0     0    44   113 -11.551  -1.585  -0.585                         
    IL   101   101 3   101     3     1     1    67   137  -0.384  -2.121  -8.028                          0.000  0.000  0.000  0.000 
                                             [ MATL   34 ]     34      - A - - -
    ML   102   101 3   104     3     1     1    44   114 -10.996  -0.001 -10.996                          1.327 -1.580  0.096 -3.506 
     D   103   101 3   104     3     0     0    42   111 -11.551  -1.585  -0.585                         
    IL   104   104 3   104     3     1     1    66   135  -0.384  -2.121  -8.028                          0.000  0.000  0.000  0.000 
                                             [ MATL   35 ]     35      - A - - -
    ML   105   104 3   107     3     1     1    43   112 -10.996  -0.001 -10.996                          1.130  0.230 -1.468 -1.852 
     D   106   104 3   107     3     0     0    40   109 -11.551  -1.585  -0.585                         
    IL   107   107 3   107     3     1     1    65   134  -0.384  -2.121  -8.028                          0.000  0.000  0.000  0.000 
                                             [ MATL   36 ]     36      - A - - -
    ML   108   107 3   110     3     1     1    41   110 -10.996  -0.001 -10.996                          1.043 -1.875 -1.535  0.402 
     D   109   107 3   110     3     0     0    38   107 -11.551  -1.585  -0.585                         
    IL   110   110 3   110     3     1     1    64   133  -0.384  -2.121  -8.028                          0.000  0.000  0.000  0.000 
                                             [ MATL   37 ]     37      - A - - -
    ML   111   110 3   113     3     1     1    38   107 -10.996  -0.001 -10.996                          1.252 -0.488 -0.415 -2.682 
     D   112   110 3   113     3     0     0    36   105 -11.551  -1.585  -0.585                         
    IL   113   113 3   113     3     1     1    63   132  -0.384  -2.121  -8.028                          0.000  0.000  0.000  0.000 
                                             [ MATL   38 ]     38      - A - - -
    ML   114   113 3   116     3     1     1    34   104 -10.996  -0.001 -10.996                          1.390 -1.219 -2.904 -0.293 
     D   115   113 3   116     3     0     0    32   101 -11.551  -1.585  -0.585                         
    IL   116   116 3   116     3     1     1    62   131  -0.384  -2.121  -8.028                          0.000  0.000  0.000  0.000 
                                             [ MATL   39 ]     39      - A - - -
    ML   117   116 3   119     2     1     1     1     1       *   0.000                                  1.160 -0.998 -1.351 -0.196 
     D   118   116 3   119     2     0     0     0     0       *   0.000                                 
    IL   119   119 3   119     2     1     1    13    28  -1.823  -0.479                                  0.000  0.000  0.000  0.000 
                                             [ END    40 ]      -      - - - - -
     E   120   119 3    -1     0     0     0     0     0                                                 
//
HMMER3/f [i1.1 | October 2013]
NAME  RBS_B_subtilis
DESC  Shine-Dalgarno sequences of the Bacillus subtilis sub-type
LENG  39
MAXL  85
ALPH  RNA
RF    no
MM    no
CONS  yes
CS    yes
MAP   no
DATE  Fri May 30 15:04:38 2014
COM   [1] /share/data/bin/cmbuild -F /share/data/people/ppg15/motifs/RBS_B_subtilis/CM /share/data/people/ppg15/motifs/RBS_B_subtilis/SEED
COM   [2] /share/data/bin/cmbuild -F /share/data/people/ppg15/motifs/RBS_B_subtilis/CM /share/data/people/ppg15/motifs/RBS_B_subtilis/SEED
NSEQ  202
EFFN  202.000000
STATS LOCAL MSV       -8.4429  0.76251
STATS LOCAL VITERBI   -8.7183  0.76251
STATS LOCAL FORWARD   -2.6170  0.76251
HMM          A        C        G        U   
            m->m     m->i     m->d     i->m     i->i     d->m     d->d
  COMPO   0.92319  2.12788  1.45373  1.38644
          1.38629  1.38629  1.38629  1.38629
          0.00052  8.87333  7.88816  0.39730  1.11515  0.00000        *
      1   0.92293  2.22451  2.16106  0.96937      - a - - :
          1.38629  1.38629  1.38629  1.38629
          0.00098  7.62169  7.62169  1.46634  0.26236  1.09861  0.40547
      2   0.96138  1.95214  1.88547  1.12729      - a - - :
          1.38629  1.38629  1.38629  1.38629
          0.00098  7.62169  7.62169  1.46634  0.26236  1.09861  0.40547
      3   1.21906  1.71692  1.94375  0.96310      - u - - :
          1.38629  1.38629  1.38629  1.38629
          0.00098  7.62169  7.62169  1.46634  0.26236  1.09861  0.40547
      4   1.05469  2.06589  2.24376  0.87004      - u - - :
          1.38629  1.38629  1.38629  1.38629
          0.00098  7.62169  7.62169  1.46634  0.26236  1.09861  0.40547
      5   1.16069  2.04608  2.21013  0.80340      - u - - :
          1.38629  1.38629  1.38629  1.38629
          0.00098  7.62169  7.62169  1.46634  0.26236  1.09861  0.40547
      6   1.01926  2.10930  2.73172  0.79251      - u - - :
          1.38629  1.38629  1.38629  1.38629
          0.00098  7.62169  7.62169  1.46634  0.26236  1.09861  0.40547
      7   1.00778  1.87597  2.44539  0.92868      - u - - :
          1.38629  1.38629  1.38629  1.38629
          0.00098  7.62169  7.62169  1.46634  0.26236  1.09861  0.40547
      8   0.94157  1.71369  2.73936  1.00739      - a - - :
          1.38629  1.38629  1.38629  1.38629
          0.00098  7.62169  7.62169  1.46634  0.26236  1.09861  0.40547
      9   1.19105  1.58515  2.08022  1.00436      - u - - :
          1.38629  1.38629  1.38629  1.38629
          0.00098  7.62169  7.62169  1.46634  0.26236  1.09861  0.40547
     10   1.00312  1.72710  2.63579  0.95762      - u - - :
          1.38629  1.38629  1.38629  1.38629
          0.00098  7.62169  7.62169  1.46634  0.26236  1.09861  0.40547
     11   0.80731  2.44399  2.52328  0.94950      - a - - :
          1.38629  1.38629  1.38629  1.38629
          0.00098  7.62169  7.62169  1.46634  0.26236  1.09861  0.40547
     12   0.91513  1.86031  2.14794  1.11723      - a - - :
          1.38629  1.38629  1.38629  1.38629
          0.00098  7.62169  7.62169  1.46634  0.26236  1.09861  0.40547
     13   0.76807  2.28832  2.18274  1.13344      - a - - :
          1.38629  1.38629  1.38629  1.38629
          0.00098  7.62169  7.62169  1.46634  0.26236  1.09861  0.40547
     14   0.81791  2.44351  1.54555  1.35248      - a - - :
          1.38629  1.38629  1.38629  1.38629
          0.00098  7.62169  7.62169  1.46634  0.26236  1.09861  0.40547
     15   0.48167  2.16116  2.17334  1.87560      - A - - :
          1.38629  1.38629  1.38629  1.38629
          0.00098  7.62169  7.62169  1.46634  0.26236  1.09861  0.40547
     16   0.42015  3.03097  2.04142  1.80219      - A - - :
          1.38629  1.38629  1.38629  1.38629
          0.00098  7.62169  7.62169  1.46634  0.26236  1.09861  0.40547
     17   0.34620  3.02988  1.51742  3.68758      - A - - :
          1.38629  1.38629  1.38629  1.38629
          0.00098  7.62169  7.62169  1.46634  0.26236  1.09861  0.40547
     18   0.59867  3.56871  0.97131  3.13093      - A - - :
          1.38629  1.38629  1.38629  1.38629
          0.00098  7.62169  7.62169  1.46634  0.26236  1.09861  0.40547
     19   2.04677  4.11161  0.17621  4.13341      - G - - :
          1.38629  1.38629  1.38629  1.38629
          0.00098  7.62169  7.62169  1.46634  0.26236  1.09861  0.40547
     20   1.56287  7.48758  0.23675  7.24392      - G - - :
          1.38629  1.38629  1.38629  1.38629
          0.00098  7.62169  7.62169  1.46634  0.26236  1.09861  0.40547
     21   1.03720  6.50136  0.46775  4.03767      - G - - :
          1.38629  1.38629  1.38629  1.38629
          0.00098  7.62169  7.62169  1.46634  0.26236  1.09861  0.40547
     22   2.22712  4.38618  0.16970  3.32987      - G - - :
          1.38629  1.38629  1.38629  1.38629
          0.00098  7.62169  7.62169  1.46634  0.26236  1.09861  0.40547
     23   1.34430  3.87017  0.47721  2.32370      - G - - :
          1.38629  1.38629  1.38629  1.38629
          0.00098  7.62169  7.62169  1.46634  0.26236  1.09861  0.40547
     24   0.90875  3.08925  1.13004  1.47658      - a - - :
          1.38629  1.38629  1.38629  1.38629
          0.00098  7.62169  7.62169  1.46634  0.26236  1.09861  0.40547
     25   0.87852  2.09521  1.28039  1.69483      - a - - :
          1.38629  1.38629  1.38629  1.38629
          0.00098  7.62169  7.62169  1.46634  0.26236  1.09861  0.40547
     26   1.15166  2.07109  2.49005  0.74458      - u - - :
          1.38629  1.38629  1.38629  1.38629
          0.00098  7.62169  7.62169  1.46634  0.26236  1.09861  0.40547
     27   1.51700  1.42409  2.21738  0.84162      - u - - :
          1.38629  1.38629  1.38629  1.38629
          0.00098  7.62169  7.62169  1.46634  0.26236  1.09861  0.40547
     28   0.87040  1.67005  1.66690  1.58891      - a - - :
          1.38629  1.38629  1.38629  1.38629
          0.00098  7.62169  7.62169  1.46634  0.26236  1.09861  0.40547
     29   0.84077  1.89343  2.10427  1.21695      - a - - :
          1.38629  1.38629  1.38629  1.38629
          0.00098  7.62169  7.62169  1.46634  0.26236  1.09861  0.40547
     30   1.67722  0.79792  2.30874  1.33387      - c - - :
          1.38629  1.38629  1.38629  1.38629
          0.00098  7.62169  7.62169  1.46634  0.26236  1.09861  0.40547
     31   0.02140  7.96211  7.68615  3.89415      - A - - :
          1.38629  1.38629  1.38629  1.38629
          0.00098  7.62169  7.62169  1.46634  0.26236  1.09861  0.40547
     32   7.61489  7.73278  7.67253  0.00140      - U - - :
          1.38629  1.38629  1.38629  1.38629
          0.00098  7.62169  7.62169  1.46634  0.26236  1.09861  0.40547
     33   7.69882  8.75145  0.00082  8.48289      - G - - :
          1.38629  1.38629  1.38629  1.38629
          0.00098  7.62169  7.62169  1.46634  0.26236  1.09861  0.40547
     34   0.46647  2.48137  1.31992  3.81655      - A - - :
          1.38629  1.38629  1.38629  1.38629
          0.00098  7.62169  7.62169  1.46634  0.26236  1.09861  0.40547
     35   0.60311  1.22669  2.40372  2.67007      - A - - :
          1.38629  1.38629  1.38629  1.38629
          0.00098  7.62169  7.62169  1.46634  0.26236  1.09861  0.40547
     36   0.66325  2.68621  2.45050  1.10734      - A - - :
          1.38629  1.38629  1.38629  1.38629
          0.00098  7.62169  7.62169  1.46634  0.26236  1.09861  0.40547
     37   0.51869  1.72486  1.67366  3.24560      - A - - :
          1.38629  1.38629  1.38629  1.38629
          0.00098  7.62169  7.62169  1.46634  0.26236  1.09861  0.40547
     38   0.42284  2.23137  3.39949  1.58940      - A - - :
          1.38629  1.38629  1.38629  1.38629
          0.00098  7.62169  7.62169  1.46634  0.26236  1.09861  0.40547
     39   0.58225  2.07804  2.32271  1.52244      - A - - :
          1.38629  1.38629  1.38629  1.38629
                *  0.00000        *  0.45905  0.99935  0.00000        *
//
