INFERNAL-1 [1.0.2]
NAME     tandem-GA
GA       10.00
STATES   190
NODES    54
ALPHABET 1
ELSELF   -0.08926734
WBETA    1e-07
NSEQ     74
EFFNSEQ  74.000
CLEN     62
BCOM     cmbuild -F tandem-GA/CM tandem-GA/SEED
BDATE    Wed May 30 12:09:11 2012
CCOM     /home/ppg15/bin/cmcalibrate --mpi -s 1 /home/ppg15/motifs/tandem-GA/CM
CDATE    Wed May 30 12:42:26 2012
NULL     0.000  0.000  0.000  0.000 
PART     1        0    100  
E-LC     0      0.52825    -8.08176     2.67649     1500000      330558  0.003403
E-GC     0      0.53396    -8.23647     4.18905     1500000      285420  0.001314
E-LI     0      0.52791    -5.95948     4.35339     1500000      260349  0.004321
E-GI     0      0.57106    -5.87014     5.31318     1500000      222625  0.001684
E-LV     0      0.59074     1.33264     6.15327   152240000      196944  0.057976
E-GV     0      0.61325     1.45320     7.88449   152240000      196480  0.019371
E-LF     0      0.65761     4.60583     8.93098   152240000      196264  0.058177
E-GF     0      0.64673     3.64912     9.74404   152240000      196050  0.019413
FT-LC    56  0.99300  10000  1500000  0
            18.2436    17.4914    14.0644    12.8451    10.9741    8.70722    6.86072    5.24808     4.5221    3.86755    3.47009    3.14601    2.61323    2.22809    2.04203    1.74855    1.65139    1.50502    1.09544    1.02171    0.91965   0.826115   0.727693   0.700718   0.663124   0.539139   0.469501   0.443114   0.402489   0.352953   0.323662   0.282939   0.240035   0.228572   0.208375   0.188076   0.171803   0.159021   0.149171   0.144709   0.130422    0.12302   0.114074   0.100308  0.0937379  0.0877435  0.0800498  0.0735099  0.0605292  0.0578023  0.0558195  0.0532757  0.0500056 0.000947933 0.000823622 0.000331114 
            929.509    836.127    751.633     644.43    578.166    520.081    461.112    413.426     355.16    317.595     270.69    241.264    214.896    192.799     173.43    153.968    135.437    121.431    107.239    93.9608    83.6365    74.2999    62.7878    54.8691     49.001     43.331     38.317    34.2191    30.3592    27.1481    24.3405    20.5151    18.1055    16.2652    14.4494    12.9041    11.5468    10.0244    8.87612    7.58517    6.80522    6.09743    5.48487    4.86617     4.3486    3.83279    3.32964    2.99317    2.61739    2.35289    2.07926    1.83988    1.67081   0.552262   0.238002   0.167081 
FT-LI    57  0.99300  10000  1500000  0
            26.5694     24.927    20.1579    18.4334    15.7904    14.1832    11.3563    8.35102    7.44681    6.87029    6.42527    5.79189    5.04702    3.85243    3.16503    2.86717    2.76487    2.59142    2.15428     1.9676    1.74285     1.4431    1.22344    1.17335    1.12003     1.0042   0.878006   0.840813   0.756035    0.63728   0.555168   0.474192   0.417531   0.392803   0.369543   0.309748   0.270261   0.267067   0.261814   0.249915   0.222916   0.213161   0.185885   0.169794   0.148236   0.140421   0.124314   0.116639    0.10804   0.104139  0.0993295  0.0888339  0.0802026  0.0022232 0.00206979 0.00164542 0.000804331 
            929.509    836.127    735.981     644.43    578.166    520.081    461.112    413.426    358.445    317.595    272.656    243.656    218.171    190.906    170.939    153.665    135.884    121.431    107.239    94.7052    83.6365    74.2999    63.5355    56.5915    50.8058     43.331    38.5445    34.3093    30.5796    27.1481    24.3405    20.5151    18.1055    16.2652    14.4494    12.5443    11.1366     9.9915    8.95821    7.64024    6.80522    6.09743    5.48487    4.86617    4.28896    3.83279    3.32964    2.99317    2.60708    2.32215    2.07926    1.83988    1.67081    0.87684   0.552262   0.216783   0.167081 
FT-GC    61  0.99300  10000  1500000  0
            12.5046    11.6288    10.7366    8.79268    8.36238    6.51251    5.89913    5.10459    4.46208    3.64938     3.1065    2.78227    2.63842     2.3509    2.16579    1.93545    1.76972     1.5738    1.37965    1.35675    1.26582    1.21651    1.11042   0.985814   0.903335   0.751785   0.658549   0.600752   0.519879   0.467011   0.413194   0.377683   0.350885   0.318773   0.270173   0.237368   0.226027   0.210219   0.200617   0.192734    0.17275   0.143742   0.129623   0.115592   0.102958  0.0960523  0.0920177  0.0864822   0.080925  0.0705723  0.0640549  0.0606536  0.0543983  0.0490007  0.0423768  0.0380083  0.0360059 0.00251896 0.000710575 0.000493465 0.000237434 
            927.963    829.736    745.272    662.087    565.068    507.875    452.649    403.167    360.958    324.004    290.646    253.735    225.122    197.552    175.162    155.712     133.67    119.676    102.007    86.2748    77.0427    68.9321    61.9952    55.5405    49.2456    44.3185    39.2701    34.9095    31.2546    28.0005     25.199     21.942    19.5308    17.4295    15.5745    13.9349    12.4036    10.9693    9.81454    8.74166    7.76092    6.97992    6.25724    5.54088    4.79052    4.29452    3.86485    3.42017    3.07598    2.76823    2.47841     2.2032    1.97509    1.75577    1.57602    1.41467    1.30866    1.10571   0.346543   0.258035   0.130866 
FT-GI    62  0.99300  10000  1500000  0
            13.8686    12.6291    11.3132    9.54104    8.73497    6.51957    5.90363    4.91669    4.63773    3.85789    3.12308    2.73118    2.64458    2.34341    2.16317    1.92261    1.70198    1.59545    1.38783    1.31671    1.25622    1.06144    1.00429   0.891891   0.799756   0.667945   0.568651   0.496437   0.462502    0.37901   0.328033   0.310062   0.275203   0.247317   0.219373   0.194619   0.175663   0.166655   0.164027   0.157985   0.142638    0.12021   0.108385  0.0994042  0.0863961  0.0765437  0.0681431  0.0616843  0.0572993  0.0540567  0.0502738  0.0466369  0.0418702  0.0370363  0.0313772   0.028626  0.0262262 0.00204393 0.000496598 0.000452754 0.000306888 0.000101082 
            940.044    841.625    745.272    662.087    565.068    504.928    452.649    403.167    360.958    324.004    290.646    253.735    225.122    197.552    175.162    155.712    134.451    120.608    105.155    90.9149    81.0288    71.6595    63.5788     56.592    50.2429    44.6349     39.936    35.2498    31.5185    28.0005     25.199     21.942    19.5308    17.4295    15.5745    13.9349    12.4036    10.9693    9.81454    8.74166    7.76092    6.97992    6.25724    5.54088     4.9865    4.41848    3.94567    3.42017    3.07598    2.76823    2.48161     2.2032    1.97509    1.75577    1.57602    1.41467    1.30866    1.10571   0.695886   0.346543   0.252423   0.130866 
MODEL:
				[ ROOT    0 ]
     S     0    -1 0     1     4 -11.372 -11.579  -0.194  -3.001                 
    IL     1     1 2     1     4  -1.686  -2.369  -1.117  -4.855                  0.000  0.000  0.000  0.000 
    IR     2     2 3     2     3  -1.442  -0.798  -4.142                          0.000  0.000  0.000  0.000 
				[ MATL    1 ]
    ML     3     2 3     5     3 -12.096  -0.054  -4.763                         -1.013 -1.685  1.538 -1.790 
     D     4     2 3     5     3 -10.749  -0.042  -5.141                         
    IL     5     5 3     5     3  -1.442  -0.798  -4.142                          0.000  0.000  0.000  0.000 
				[ MATL    2 ]
    ML     6     5 3     8     5 -11.183  -0.631  -1.502 -11.211 -12.103         -3.927  1.281 -0.392 -0.432 
     D     7     5 3     8     5  -7.067  -2.911  -6.328  -0.311  -4.615         
    IL     8     8 3     8     5  -2.408  -0.496  -4.087  -5.920  -5.193          0.000  0.000  0.000  0.000 
				[ MATP    3 ]
    MP     9     8 3    13     6 -11.624 -11.563  -0.930  -1.079 -10.619 -11.014 -0.026 -2.635 -0.169 -1.260 -0.861 -3.002  0.456 -2.648  0.565  1.971 -0.163 -1.691  1.245 -0.139 -0.132 -0.865 
    ML    10     8 3    13     6 -11.520 -11.867  -0.022  -6.275 -11.716  -9.246  0.186 -1.812  1.017 -0.852 
    MR    11     8 3    13     6  -8.994  -7.723  -0.266  -7.702  -2.835  -5.915 -1.592  1.647 -2.424 -1.511 
     D    12     8 3    13     6  -9.049  -7.747  -3.544  -4.226  -4.244  -0.319 
    IL    13    13 5    13     6  -2.579  -2.842  -0.760  -4.497  -5.274  -4.934  0.000  0.000  0.000  0.000 
    IR    14    14 6    14     5  -2.408  -0.496  -5.920  -4.087  -5.193          0.000  0.000  0.000  0.000 
				[ MATP    4 ]
    MP    15    14 6    19     6  -4.868  -6.143  -0.074 -10.434 -10.713 -11.108 -3.353 -3.353 -3.497  2.272 -3.266 -3.763 -0.675 -1.249 -3.536 -0.130 -3.728 -0.553  1.356  1.795 -0.098 -0.093 
    ML    16    14 6    19     6 -11.457 -11.804  -0.023  -6.212 -11.653  -9.183  1.080 -2.105  0.568 -2.545 
    MR    17    14 6    19     6  -6.988  -5.717  -1.625  -5.695  -0.829  -3.908  0.660 -0.612 -0.293 -0.076 
     D    18    14 6    19     6  -9.049  -7.747  -3.544  -4.226  -4.244  -0.319 
    IL    19    19 5    19     6  -4.181  -0.481  -2.362  -6.099  -6.875  -6.536  0.000  0.000  0.000  0.000 
    IR    20    20 6    20     5  -3.862  -0.162  -7.373  -5.541  -6.647          0.000  0.000  0.000  0.000 
				[ MATP    5 ]
    MP    21    20 6    25     6 -12.247 -12.186  -0.002 -10.962 -11.242 -11.637 -6.081 -7.097 -6.851 -1.256 -5.683 -7.845 -0.570 -7.165 -6.600 -4.893 -1.042 -5.464  0.070 -6.632  3.724 -6.017 
    ML    22    20 6    25     6  -6.250  -6.596  -1.310  -1.005  -6.446  -3.975  0.660 -0.612 -0.293 -0.076 
    MR    23    20 6    25     6  -6.988  -5.717  -1.625  -5.695  -0.829  -3.908  0.660 -0.612 -0.293 -0.076 
     D    24    20 6    25     6  -9.049  -7.747  -3.544  -4.226  -4.244  -0.319 
    IL    25    25 5    25     6  -2.579  -2.842  -0.760  -4.497  -5.274  -4.934  0.000  0.000  0.000  0.000 
    IR    26    26 6    26     5  -2.408  -0.496  -5.920  -4.087  -5.193          0.000  0.000  0.000  0.000 
				[ MATP    6 ]
    MP    27    26 6    31     6 -12.247 -12.186  -0.002 -10.962 -11.242 -11.637 -12.239 -9.165 -11.325 -5.350 -11.594 -16.133 -6.001 -9.714  3.990 -5.609 -9.906 -6.008 -5.550 -10.815 -6.753 -9.165 
    ML    28    26 6    31     6  -6.250  -6.596  -1.310  -1.005  -6.446  -3.975  0.660 -0.612 -0.293 -0.076 
    MR    29    26 6    31     6  -6.988  -5.717  -1.625  -5.695  -0.829  -3.908  0.660 -0.612 -0.293 -0.076 
     D    30    26 6    31     6  -9.049  -7.747  -3.544  -4.226  -4.244  -0.319 
    IL    31    31 5    31     6  -2.579  -2.842  -0.760  -4.497  -5.274  -4.934  0.000  0.000  0.000  0.000 
    IR    32    32 6    32     5  -2.408  -0.496  -5.920  -4.087  -5.193          0.000  0.000  0.000  0.000 
				[ MATP    7 ]
    MP    33    32 6    37     6 -12.247  -5.506  -0.062  -5.730 -11.242 -11.637 -12.196 -9.163  3.990 -5.349 -11.558 -15.954 -6.000 -9.711 -10.191 -5.609 -9.903 -6.007 -5.547 -10.805 -6.751 -9.160 
    ML    34    32 6    37     6  -6.250  -6.596  -1.310  -1.005  -6.446  -3.975  0.660 -0.612 -0.293 -0.076 
    MR    35    32 6    37     6  -6.988  -5.717  -1.625  -5.695  -0.829  -3.908  0.660 -0.612 -0.293 -0.076 
     D    36    32 6    37     6  -9.049  -7.747  -3.544  -4.226  -4.244  -0.319 
    IL    37    37 5    37     6  -2.579  -2.842  -0.760  -4.497  -5.274  -4.934  0.000  0.000  0.000  0.000 
    IR    38    38 6    38     5  -3.509  -0.211  -7.020  -5.187  -6.293          0.000  0.000  0.000  0.000 
				[ MATP    8 ]
    MP    39    38 6    43     6 -12.220 -12.159  -0.054  -5.724  -5.892 -11.611  0.031 -3.165  1.863  0.336 -1.878 -0.582  0.009 -3.177 -2.121  0.783 -1.693  0.246  1.143 -0.968  0.571 -1.961 
    ML    40    38 6    43     6  -7.905  -8.251  -0.303  -2.659  -8.101  -5.630 -0.842  1.364 -1.669 -0.855 
    MR    41    38 6    43     6  -6.988  -5.717  -1.625  -5.695  -0.829  -3.908  0.660 -0.612 -0.293 -0.076 
     D    42    38 6    43     6  -9.049  -7.747  -3.544  -4.226  -4.244  -0.319 
    IL    43    43 5    43     6  -2.579  -2.842  -0.760  -4.497  -5.274  -4.934  0.000  0.000  0.000  0.000 
    IR    44    44 6    44     5  -2.408  -0.496  -5.920  -4.087  -5.193          0.000  0.000  0.000  0.000 
				[ MATP    9 ]
    MP    45    44 6    49     6 -12.196 -12.136  -0.104  -4.181 -11.192  -6.206 -5.797 -2.235 -6.583  2.192 -7.118 -2.048  0.446 -2.031 -5.918  2.258 -5.663  0.971  0.545 -5.885 -0.489 -1.445 
    ML    46    44 6    49     6  -7.890  -8.236  -2.950  -2.645  -8.086  -0.516 -0.822  1.354 -1.649 -0.838 
    MR    47    44 6    49     6  -8.388  -7.117  -3.026  -7.096  -0.261  -5.309 -0.678  1.272 -1.507 -0.716 
     D    48    44 6    49     6  -9.049  -7.747  -3.544  -4.226  -4.244  -0.319 
    IL    49    49 5    49     6  -2.579  -2.842  -0.760  -4.497  -5.274  -4.934  0.000  0.000  0.000  0.000 
    IR    50    50 6    50     5  -2.408  -0.496  -5.920  -4.087  -5.193          0.000  0.000  0.000  0.000 
				[ MATP   10 ]
    MP    51    50 6    55     6 -12.095 -12.034  -0.003 -10.811 -11.091 -11.486 -5.888 -4.886 -6.843  2.611 -7.681 -6.687 -0.963 -2.300 -1.422  2.677 -5.701 -1.291  0.426 -1.133 -3.638 -5.237 
    ML    52    50 6    55     6  -9.094  -9.440  -4.154  -0.105  -9.290  -6.819  1.249 -1.560 -1.706 -0.032 
    MR    53    50 6    55     6  -8.388  -7.117  -3.026  -7.096  -0.261  -5.309 -0.624 -1.190 -1.408  1.343 
     D    54    50 6    55     6 -11.534 -10.232  -6.029  -6.712  -6.729  -0.052 
    IL    55    55 5    55     6  -2.579  -2.842  -0.760  -4.497  -5.274  -4.934  0.000  0.000  0.000  0.000 
    IR    56    56 6    56     5  -2.408  -0.496  -5.920  -4.087  -5.193          0.000  0.000  0.000  0.000 
				[ MATP   11 ]
    MP    57    56 6    61     6 -12.095 -12.034  -0.025 -10.811 -11.091  -5.979 -0.190 -4.961 -6.627  2.237 -1.945 -6.630 -1.128 -1.650 -5.926  2.827 -5.732 -2.606 -0.040 -5.940 -3.633 -0.062 
    ML    58    56 6    61     6  -9.094  -9.440  -4.154  -0.697  -1.668  -6.819  1.614 -2.238 -1.259 -1.697 
    MR    59    56 6    61     6  -8.388  -7.117  -0.427  -7.096  -2.230  -5.309 -0.834 -1.835  1.449 -1.224 
     D    60    56 6    61     6 -11.534 -10.232  -6.029  -6.712  -6.729  -0.052 
    IL    61    61 5    61     6  -2.579  -2.842  -0.760  -4.497  -5.274  -4.934  0.000  0.000  0.000  0.000 
    IR    62    62 6    62     5  -2.408  -0.496  -5.920  -4.087  -5.193          0.000  0.000  0.000  0.000 
				[ MATP   12 ]
    MP    63    62 6    67     4  -2.169 -11.419  -0.904  -2.043                 -4.699 -0.880 -0.948  1.770 -0.592 -0.929 -0.418 -4.807 -4.839  2.951 -4.827 -2.434 -1.169 -0.108 -3.195 -4.338 
    ML    64    62 6    67     4  -5.732  -5.915  -2.481  -0.348                 -1.570 -1.895 -2.349  1.677 
    MR    65    62 6    67     4  -6.510  -5.539  -3.406  -0.196                 -1.035 -2.052  1.536 -1.434 
     D    66    62 6    67     4  -7.425  -7.107  -5.122  -0.062                 
    IL    67    67 5    67     4  -1.016  -2.164  -2.281  -3.710                  0.000  0.000  0.000  0.000 
    IR    68    68 6    68     3  -1.095  -0.929  -7.300                          0.000  0.000  0.000  0.000 
				[ MATL   13 ]
    ML    69    68 6    71     3 -11.663  -0.186  -3.049                          1.554 -1.486 -1.379 -1.629 
     D    70    68 6    71     3 -12.216  -2.100  -0.384                         
    IL    71    71 3    71     3  -1.442  -0.798  -4.142                          0.000  0.000  0.000  0.000 
				[ MATL   14 ]
    ML    72    71 3    74     3 -11.671  -0.002 -10.325                          1.052 -0.474 -0.107 -1.843 
     D    73    71 3    74     3 -12.202  -7.715  -0.007                         
    IL    74    74 3    74     3  -1.442  -0.798  -4.142                          0.000  0.000  0.000  0.000 
				[ MATL   15 ]
    ML    75    74 3    77     3 -11.671  -0.002 -10.325                          0.408 -1.044  0.516 -0.400 
     D    76    74 3    77     3 -12.202  -7.715  -0.007                         
    IL    77    77 3    77     3  -1.442  -0.798  -4.142                          0.000  0.000  0.000  0.000 
				[ MATL   16 ]
    ML    78    77 3    80     3 -11.671  -0.002 -10.325                          1.982 -6.336 -5.868 -5.713 
     D    79    77 3    80     3 -12.202  -7.715  -0.007                         
    IL    80    80 3    80     3  -1.442  -0.798  -4.142                          0.000  0.000  0.000  0.000 
				[ MATL   17 ]
    ML    81    80 3    83     3 -11.671  -0.002 -10.325                         -3.736 -2.405  1.809 -2.114 
     D    82    80 3    83     3 -12.202  -2.822  -0.220                         
    IL    83    83 3    83     3  -1.442  -0.798  -4.142                          0.000  0.000  0.000  0.000 
				[ MATL   18 ]
    ML    84    83 3    86     3 -11.774  -0.001 -10.428                         -1.394 -1.873 -3.756  1.710 
     D    85    83 3    86     3 -11.990  -4.755  -0.055                         
    IL    86    86 3    86     3  -1.442  -0.798  -4.142                          0.000  0.000  0.000  0.000 
				[ MATL   19 ]
    ML    87    86 3    89     3 -11.793  -0.001 -10.448                          1.983 -6.413 -5.941 -5.794 
     D    88    86 3    89     3 -11.943  -4.351  -0.073                         
    IL    89    89 3    89     3  -1.442  -0.798  -4.142                          0.000  0.000  0.000  0.000 
				[ MATL   20 ]
    ML    90    89 3    92     3  -2.398  -0.305 -10.473                          0.674 -1.751  0.426 -0.390 
     D    91    89 3    92     3 -11.879  -7.392  -0.009                         
    IL    92    92 3    92     3  -2.429  -0.308  -7.245                          0.000  0.000  0.000  0.000 
				[ MATL   21 ]
    ML    93    92 3    95     3 -11.819  -0.001 -10.473                          0.496 -1.156  0.301 -0.137 
     D    94    92 3    95     3 -11.879  -3.501  -0.134                         
    IL    95    95 3    95     3  -1.442  -0.798  -4.142                          0.000  0.000  0.000  0.000 
				[ MATL   22 ]
    ML    96    95 3    98     3 -11.865  -0.001 -10.519                          0.537 -1.197 -1.042  0.703 
     D    97    95 3    98     3 -11.755  -7.268  -0.010                         
    IL    98    98 3    98     3  -1.442  -0.798  -4.142                          0.000  0.000  0.000  0.000 
				[ MATL   23 ]
    ML    99    98 3   101     3 -11.865  -0.001 -10.519                          0.122 -0.512 -0.124  0.370 
     D   100    98 3   101     3 -11.755  -7.268  -0.010                         
    IL   101   101 3   101     3  -1.442  -0.798  -4.142                          0.000  0.000  0.000  0.000 
				[ MATL   24 ]
    ML   102   101 3   104     3 -11.865  -0.001 -10.519                          0.776  0.229 -1.581 -0.357 
     D   103   101 3   104     3 -11.755  -7.268  -0.010                         
    IL   104   104 3   104     3  -1.442  -0.798  -4.142                          0.000  0.000  0.000  0.000 
				[ MATL   25 ]
    ML   105   104 3   107     3 -11.865  -0.001 -10.519                          0.676 -1.963 -0.181  0.337 
     D   106   104 3   107     3 -11.755  -7.268  -0.010                         
    IL   107   107 3   107     3  -1.442  -0.798  -4.142                          0.000  0.000  0.000  0.000 
				[ MATL   26 ]
    ML   108   107 3   110     3 -11.865  -0.001 -10.519                          1.033 -1.364 -2.741  0.501 
     D   109   107 3   110     3 -11.755  -7.268  -0.010                         
    IL   110   110 3   110     3  -1.442  -0.798  -4.142                          0.000  0.000  0.000  0.000 
				[ MATL   27 ]
    ML   111   110 3   113     3 -11.865  -0.001 -10.519                         -0.588 -0.171 -0.223  0.669 
     D   112   110 3   113     3 -11.755  -7.268  -0.010                         
    IL   113   113 3   113     3  -1.442  -0.798  -4.142                          0.000  0.000  0.000  0.000 
				[ MATL   28 ]
    ML   114   113 3   116     3 -11.865  -0.001 -10.519                          0.499 -3.774 -0.797  0.955 
     D   115   113 3   116     3 -11.755  -7.268  -0.010                         
    IL   116   116 3   116     3  -1.442  -0.798  -4.142                          0.000  0.000  0.000  0.000 
				[ MATL   29 ]
    ML   117   116 3   119     3 -11.865  -0.111  -3.755                         -0.354  0.005 -0.868  0.736 
     D   118   116 3   119     3 -11.755  -7.268  -0.010                         
    IL   119   119 3   119     3  -1.442  -0.798  -4.142                          0.000  0.000  0.000  0.000 
				[ MATL   30 ]
    ML   120   119 3   122     3  -1.138  -0.945  -5.257                          0.510  0.046 -1.123  0.117 
     D   121   119 3   122     3 -12.032  -3.046  -0.187                         
    IL   122   122 3   122     3  -1.959  -0.434  -8.499                          0.000  0.000  0.000  0.000 
				[ MATL   31 ]
    ML   123   122 3   125     3 -11.793  -0.001 -10.447                          0.192 -0.304 -0.123  0.176 
     D   124   122 3   125     3 -11.944  -7.457  -0.009                         
    IL   125   125 3   125     3  -1.442  -0.798  -4.142                          0.000  0.000  0.000  0.000 
				[ MATL   32 ]
    ML   126   125 3   128     3 -11.793  -0.001 -10.447                          0.606 -0.648 -1.388  0.544 
     D   127   125 3   128     3 -11.944  -7.457  -0.009                         
    IL   128   128 3   128     3  -1.442  -0.798  -4.142                          0.000  0.000  0.000  0.000 
				[ MATL   33 ]
    ML   129   128 3   131     3 -11.793  -0.001 -10.447                         -1.650 -0.202 -0.546  1.089 
     D   130   128 3   131     3 -11.944  -7.457  -0.009                         
    IL   131   131 3   131     3  -1.442  -0.798  -4.142                          0.000  0.000  0.000  0.000 
				[ MATL   34 ]
    ML   132   131 3   134     3 -11.793  -0.001 -10.447                         -1.100  0.031 -0.468  0.839 
     D   133   131 3   134     3 -11.944  -7.457  -0.009                         
    IL   134   134 3   134     3  -1.442  -0.798  -4.142                          0.000  0.000  0.000  0.000 
				[ MATL   35 ]
    ML   135   134 3   137     3 -11.793  -0.001 -10.447                          0.416 -0.654 -0.918  0.586 
     D   136   134 3   137     3 -11.944  -7.457  -0.009                         
    IL   137   137 3   137     3  -1.442  -0.798  -4.142                          0.000  0.000  0.000  0.000 
				[ MATL   36 ]
    ML   138   137 3   140     3 -11.793  -0.042  -5.139                         -0.180  1.385 -4.305 -1.138 
     D   139   137 3   140     3 -11.944  -7.457  -0.009                         
    IL   140   140 3   140     3  -1.442  -0.798  -4.142                          0.000  0.000  0.000  0.000 
				[ MATL   37 ]
    ML   141   140 3   143     3 -11.753  -0.001 -10.407                          1.905 -4.896 -4.633 -2.464 
     D   142   140 3   143     3 -12.037  -7.550  -0.008                         
    IL   143   143 3   143     3  -1.442  -0.798  -4.142                          0.000  0.000  0.000  0.000 
				[ MATL   38 ]
    ML   144   143 3   146     3 -11.753  -0.001 -10.407                         -2.189 -5.495  1.896 -4.730 
     D   145   143 3   146     3 -12.037  -7.550  -0.008                         
    IL   146   146 3   146     3  -1.442  -0.798  -4.142                          0.000  0.000  0.000  0.000 
				[ MATL   39 ]
    ML   147   146 3   149     3  -0.338  -3.407  -3.122                          1.923 -2.935 -4.852 -4.573 
     D   148   146 3   149     3  -2.850  -2.950  -0.450                         
    IL   149   149 3   149     3  -0.039  -5.221 -14.169                          0.000  0.000  0.000  0.000 
				[ MATL   40 ]
    ML   150   149 3   152     3 -11.761  -0.001 -10.415                         -0.838 -0.660 -0.707  1.135 
     D   151   149 3   152     3 -12.019  -7.532  -0.008                         
    IL   152   152 3   152     3  -1.442  -0.798  -4.142                          0.000  0.000  0.000  0.000 
				[ MATL   41 ]
    ML   153   152 3   155     3 -11.761  -0.001 -10.415                          1.035 -2.028  0.017 -0.528 
     D   154   152 3   155     3 -12.019  -7.532  -0.008                         
    IL   155   155 3   155     3  -1.442  -0.798  -4.142                          0.000  0.000  0.000  0.000 
				[ MATL   42 ]
    ML   156   155 3   158     3 -11.761  -0.001 -10.415                          0.027  0.038 -0.349  0.226 
     D   157   155 3   158     3 -12.019  -1.653  -0.553                         
    IL   158   158 3   158     3  -1.442  -0.798  -4.142                          0.000  0.000  0.000  0.000 
				[ MATL   43 ]
    ML   159   158 3   161     3 -11.950  -0.001 -10.604                         -0.248 -0.698  0.357  0.335 
     D   160   158 3   161     3 -11.479  -3.798  -0.108                         
    IL   161   161 3   161     3  -1.442  -0.798  -4.142                          0.000  0.000  0.000  0.000 
				[ MATL   44 ]
    ML   162   161 3   164     3 -11.974  -0.001 -10.628                         -1.080 -0.275 -0.149  0.847 
     D   163   161 3   164     3 -11.383  -3.081  -0.182                         
    IL   164   164 3   164     3  -1.442  -0.798  -4.142                          0.000  0.000  0.000  0.000 
				[ MATL   45 ]
    ML   165   164 3   167     3 -12.013  -0.001 -10.667                         -1.122 -2.717  1.184  0.159 
     D   166   164 3   167     3 -11.215  -3.419  -0.142                         
    IL   167   167 3   167     3  -1.442  -0.798  -4.142                          0.000  0.000  0.000  0.000 
				[ MATL   46 ]
    ML   168   167 3   170     3 -12.039  -0.001 -10.693                          1.110 -4.027  0.308 -0.885 
     D   169   167 3   170     3 -11.089  -6.602  -0.016                         
    IL   170   170 3   170     3  -1.442  -0.798  -4.142                          0.000  0.000  0.000  0.000 
				[ MATL   47 ]
    ML   171   170 3   173     3 -12.039  -0.001 -10.693                          1.789 -5.252 -1.055 -4.775 
     D   172   170 3   173     3 -11.089  -6.602  -0.016                         
    IL   173   173 3   173     3  -1.442  -0.798  -4.142                          0.000  0.000  0.000  0.000 
				[ MATL   48 ]
    ML   174   173 3   176     3 -12.039  -0.039  -5.229                          1.048 -2.110 -0.331 -0.143 
     D   175   173 3   176     3 -11.089  -1.018  -0.983                         
    IL   176   176 3   176     3  -1.442  -0.798  -4.142                          0.000  0.000  0.000  0.000 
				[ MATL   49 ]
    ML   177   176 3   179     3 -12.133  -0.025  -5.861                          0.282 -1.301 -0.205  0.595 
     D   178   176 3   179     3 -10.470  -5.983  -0.024                         
    IL   179   179 3   179     3  -1.442  -0.798  -4.142                          0.000  0.000  0.000  0.000 
				[ MATL   50 ]
    ML   180   179 3   182     3 -12.109  -0.001 -10.763                         -0.494  0.155 -0.458  0.535 
     D   181   179 3   182     3 -10.660  -6.173  -0.021                         
    IL   182   182 3   182     3  -1.442  -0.798  -4.142                          0.000  0.000  0.000  0.000 
				[ MATL   51 ]
    ML   183   182 3   185     3 -12.109  -0.024  -5.962                         -0.685  1.056 -1.227 -0.197 
     D   184   182 3   185     3 -10.660  -6.173  -0.021                         
    IL   185   185 3   185     3  -1.442  -0.798  -4.142                          0.000  0.000  0.000  0.000 
				[ MATL   52 ]
    ML   186   185 3   188     2       *   0.000                                  1.212 -1.488  0.079 -1.889 
     D   187   185 3   188     2       *   0.000                                 
    IL   188   188 3   188     2  -1.823  -0.479                                  0.000  0.000  0.000  0.000 
				[ END    53 ]
     E   189   188 3    -1     0                                                 
//
