INFERNAL-1 [1.0.2]
NAME     UAA_GAN
GA       20.00
STATES   124
NODES    32
ALPHABET 1
ELSELF   -0.08926734
WBETA    1e-07
NSEQ     20
EFFNSEQ  20.000
CLEN     40
BCOM     cmbuild -F UAA_GAN/CM UAA_GAN/SEED
BDATE    Wed May 30 12:09:13 2012
CCOM     /home/ppg15/bin/cmcalibrate --mpi -s 1 /home/ppg15/motifs/UAA_GAN/CM
CDATE    Wed May 30 13:09:12 2012
NULL     0.000  0.000  0.000  0.000 
PART     1        0    100  
E-LC     0      0.58783    -5.74690     3.54686     1500000      265325  0.004240
E-GC     0      0.52937    -6.55409     4.88007     1500000      159510  0.002351
E-LI     0      0.63706    -2.86286     5.37316     1500000      213706  0.005264
E-GI     0      0.56980    -4.70704     5.68542     1500000      139880  0.002681
E-LV     0      0.63897    -0.62652     6.96258    15510000      148476  0.007835
E-GV     0      0.64485    -0.55691     8.59071    15510000      141378  0.002743
E-LF     0      0.76173     2.55016     8.89964    15510000      146615  0.007934
E-GF     0      0.69213     1.38975     9.90653    15510000      140802  0.002754
FT-LC    38  0.99300  10000  1500000  0
            5.53507    4.67958    3.93424     3.4358    3.19554    2.57846    1.97715    1.77089    1.41526    1.26217    1.11829   0.971372   0.787182   0.741648   0.614475   0.514938   0.480255   0.384483   0.339875   0.267745   0.239191   0.198535   0.181968   0.156273   0.151436    0.14294   0.123631   0.118429  0.0985898  0.0869177  0.0797316  0.0741445  0.0665106  0.0614908  0.0561432  0.0477555  0.0477184 0.00464213 
            8649.66    7762.89    6722.01    5928.09    5316.29    4617.51     4115.8    3558.52    3167.04    2846.69    2556.79    2247.95    2019.03    1756.32    1578.66     1412.5    1258.07    1099.39    982.929    870.145    779.154    690.803    616.685    552.198    491.077    433.077    382.218    341.208    306.694    272.332    242.373    209.396    182.984    163.849    147.051     127.82    126.958    104.217 
FT-LI    38  0.99300  10000  1500000  0
            8.13066    7.13407    5.71107    5.06849    4.30359    3.40341    2.86421    2.53919    2.19438    1.83298    1.52161    1.30359    1.08589    1.01221   0.835078   0.693049   0.612231    0.51946   0.406979   0.350483   0.289862   0.253666   0.232516   0.206757   0.195459   0.172755   0.155732   0.134907   0.126028   0.115947   0.101327  0.0961333  0.0837937  0.0770837  0.0725346  0.0596771  0.0594244 0.00445332 
            8649.66    7762.89    6722.01    5928.09    5316.29    4717.05    4230.23    3764.86    3378.88    2991.18    2556.79    2247.95    1971.91    1756.32    1578.66     1412.5    1258.07    1099.39    982.929    870.145    779.154    690.803    616.685    552.198    491.077    433.077    388.677    341.208    306.694    275.671    242.373    209.396    182.984    163.849    147.051     127.82    126.958    104.217 
FT-GC    41  0.99300  10000  1500000  0
            4.64836    3.81432    3.31417    3.22032     2.9329    2.78717     2.1169    1.95432    1.80527    1.72787    1.50416     1.2849    1.14476    1.03271   0.920934   0.754177   0.663042   0.556902    0.50754   0.454492   0.437056     0.4027   0.372267   0.324501   0.288465   0.266907    0.24083   0.225212   0.206047   0.188411   0.162843   0.152482   0.138945    0.11955    0.10741   0.100857  0.0937915  0.0837509  0.0713311 0.00626548 0.00587366 
            8380.96     7471.3    6655.76    5974.55    5363.07    4807.51    4264.99     3752.4    3292.28     2949.2    2640.03    2361.64    2105.31    1842.05    1613.95    1440.76    1279.95     1130.8    1016.47    904.265    796.136    709.232    624.424    546.722     479.02    428.805    384.917    343.614    306.955    271.375    241.084     216.26    190.796    171.506    154.166    135.825    117.045    102.409    94.4967    65.8054    35.8628 
FT-GI    41  0.99300  10000  1500000  0
            4.49575    3.71658    3.17315    3.04861    2.67477     2.4545    1.98207    1.85435    1.73629    1.58497    1.28979    1.12974    1.04861   0.946703   0.851358   0.702499   0.562482   0.514104   0.437735   0.417574   0.398172    0.35185    0.32859   0.281492   0.261379   0.253241   0.216436   0.188234   0.177047   0.156099   0.136562    0.12179   0.113217   0.101002  0.0866461  0.0829717  0.0766996  0.0695392  0.0601764 0.00426675 0.00396823 
            8380.96     7471.3    6655.76    5974.55    5363.07    4807.51    4264.99     3752.4    3292.28     2949.2    2640.03    2361.64    2105.31    1842.05    1627.41    1463.88    1279.95    1137.87    1016.47    904.265    796.136    709.232    624.424    546.722     479.02    428.805    385.451     346.24    310.158    277.644    244.953     216.26    190.796    171.506    154.166    135.825    117.532    102.409    94.4967    65.8054    35.8628 
MODEL:
				[ ROOT    0 ]
     S     0    -1 0     1     6  -3.938 -10.611  -0.209  -9.388  -9.668  -3.918 
    IL     1     1 2     1     6  -0.553  -2.077  -3.849  -7.586  -8.362  -8.023  0.000  0.000  0.000  0.000 
    IR     2     2 3     2     5  -1.304  -0.827  -7.632  -5.800  -6.906          0.000  0.000  0.000  0.000 
				[ MATP    1 ]
    MP     3     2 3     7     6 -10.575 -10.514  -0.008  -9.291  -9.570  -9.966  0.321  1.258 -1.918  0.120 -0.231 -2.141  0.738 -1.787 -1.992  1.220 -0.185  1.373 -0.417 -1.594 -0.942 -1.647 
    ML     4     2 3     7     6  -6.250  -6.596  -1.310  -1.005  -6.446  -3.975  0.660 -0.612 -0.293 -0.076 
    MR     5     2 3     7     6  -6.988  -5.717  -1.625  -5.695  -0.829  -3.908  0.660 -0.612 -0.293 -0.076 
     D     6     2 3     7     6 -11.142  -9.840  -5.637  -6.319  -6.337  -0.069 
    IL     7     7 5     7     6  -2.579  -2.842  -0.760  -4.497  -5.274  -4.934  0.000  0.000  0.000  0.000 
    IR     8     8 6     8     5  -2.408  -0.496  -5.920  -4.087  -5.193          0.000  0.000  0.000  0.000 
				[ MATP    2 ]
    MP     9     8 6    13     6 -10.575 -10.514  -0.008  -9.291  -9.570  -9.966 -1.834  0.638  0.118 -0.376 -0.701 -0.886  1.741 -0.692 -0.289  0.260 -2.116 -0.807 -0.415  0.267  1.067 -1.627 
    ML    10     8 6    13     6  -6.250  -6.596  -1.310  -1.005  -6.446  -3.975  0.660 -0.612 -0.293 -0.076 
    MR    11     8 6    13     6  -6.988  -5.717  -1.625  -5.695  -0.829  -3.908  0.660 -0.612 -0.293 -0.076 
     D    12     8 6    13     6 -11.142  -9.840  -1.775  -6.319  -6.337  -0.554 
    IL    13    13 5    13     6  -2.579  -2.842  -0.760  -4.497  -5.274  -4.934  0.000  0.000  0.000  0.000 
    IR    14    14 6    14     5  -2.408  -0.496  -5.920  -4.087  -5.193          0.000  0.000  0.000  0.000 
				[ MATP    3 ]
    MP    15    14 6    19     6 -10.610 -10.550  -0.007  -9.326  -9.606 -10.001 -1.881  1.189  0.292 -0.422  0.399 -2.170  0.628 -0.550  0.153  0.660 -2.167 -0.266  1.492 -1.622 -0.969 -1.675 
    ML    16    14 6    19     6  -6.250  -6.596  -1.310  -1.005  -6.446  -3.975  0.660 -0.612 -0.293 -0.076 
    MR    17    14 6    19     6  -6.988  -5.717  -1.625  -5.695  -0.829  -3.908  0.660 -0.612 -0.293 -0.076 
     D    18    14 6    19     6 -10.683  -9.382  -0.503  -5.861  -5.878  -1.954 
    IL    19    19 5    19     6  -2.579  -2.842  -0.760  -4.497  -5.274  -4.934  0.000  0.000  0.000  0.000 
    IR    20    20 6    20     5  -2.408  -0.496  -5.920  -4.087  -5.193          0.000  0.000  0.000  0.000 
				[ MATP    4 ]
    MP    21    20 6    25     6 -10.672 -10.611  -0.007  -9.388  -9.668 -10.063 -4.864 -3.811 -5.808  1.259 -6.484 -5.500 -0.831 -5.311 -4.932  3.177 -4.613 -0.083  0.497 -4.925  0.379 -4.184 
    ML    22    20 6    25     6  -6.250  -6.596  -1.310  -1.005  -6.446  -3.975  0.660 -0.612 -0.293 -0.076 
    MR    23    20 6    25     6  -6.988  -5.717  -1.625  -5.695  -0.829  -3.908  0.660 -0.612 -0.293 -0.076 
     D    24    20 6    25     6  -9.049  -7.747  -3.544  -4.226  -4.244  -0.319 
    IL    25    25 5    25     6  -2.579  -2.842  -0.760  -4.497  -5.274  -4.934  0.000  0.000  0.000  0.000 
    IR    26    26 6    26     5  -2.408  -0.496  -5.920  -4.087  -5.193          0.000  0.000  0.000  0.000 
				[ MATP    5 ]
    MP    27    26 6    31     6 -10.672 -10.611  -0.007  -9.388  -9.668 -10.063 -5.497 -4.527 -6.294  1.480 -6.031 -6.294  1.616 -5.784 -5.661  2.771 -5.351 -1.837  0.681 -5.666  0.269 -4.607 
    ML    28    26 6    31     6  -6.250  -6.596  -1.310  -1.005  -6.446  -3.975  0.660 -0.612 -0.293 -0.076 
    MR    29    26 6    31     6  -6.988  -5.717  -1.625  -5.695  -0.829  -3.908  0.660 -0.612 -0.293 -0.076 
     D    30    26 6    31     6  -9.049  -7.747  -3.544  -4.226  -4.244  -0.319 
    IL    31    31 5    31     6  -2.579  -2.842  -0.760  -4.497  -5.274  -4.934  0.000  0.000  0.000  0.000 
    IR    32    32 6    32     5  -2.408  -0.496  -5.920  -4.087  -5.193          0.000  0.000  0.000  0.000 
				[ MATP    6 ]
    MP    33    32 6    37     4  -3.028  -3.219  -0.384  -8.186                 -5.005 -4.358 -1.091  1.153 -4.966 -5.774  2.455 -5.309 -5.244  2.374 -5.035 -1.786 -0.203 -5.130  0.246 -4.191 
    ML    34    32 6    37     4  -3.758  -3.940  -0.507  -2.670                  0.660 -0.612 -0.293 -0.076 
    MR    35    32 6    37     4  -4.809  -3.838  -1.706  -0.766                  0.660 -0.612 -0.293 -0.076 
     D    36    32 6    37     4  -4.568  -4.250  -2.265  -0.520                 
    IL    37    37 5    37     4  -3.775  -4.458  -0.195  -6.944                  0.000  0.000  0.000  0.000 
    IR    38    38 6    38     3  -2.708  -0.280  -5.408                          0.000  0.000  0.000  0.000 
				[ MATL    7 ]
    ML    39    38 6    41     3 -10.492  -0.004  -9.146                         -0.659 -0.392 -0.008  0.687 
     D    40    38 6    41     3  -6.174  -1.687  -0.566                         
    IL    41    41 3    41     3  -1.442  -0.798  -4.142                          0.000  0.000  0.000  0.000 
				[ MATL    8 ]
    ML    42    41 3    44     3 -10.492  -0.004  -9.146                          1.803 -3.556 -3.384 -1.595 
     D    43    41 3    44     3  -6.174  -1.687  -0.566                         
    IL    44    44 3    44     3  -1.442  -0.798  -4.142                          0.000  0.000  0.000  0.000 
				[ MATL    9 ]
    ML    45    44 3    47     3  -1.555  -1.206  -2.144                          1.969 -5.474 -5.090 -4.877 
     D    46    44 3    47     3  -5.620  -0.734  -1.403                         
    IL    47    47 3    47     3  -1.699  -1.516  -1.546                          0.000  0.000  0.000  0.000 
				[ MATR   10 ]
    MR    48    47 3    50     3 -10.041  -0.006  -8.359                          1.581 -1.129 -1.699 -2.039 
     D    49    47 3    50     3 -10.684  -0.050  -4.914                         
    IR    50    50 3    50     3  -1.925  -0.554  -4.164                          0.000  0.000  0.000  0.000 
				[ MATR   11 ]
    MR    51    50 3    53     3 -10.802  -0.003  -9.120                          1.969 -5.474 -5.090 -4.877 
     D    52    50 3    53     3  -6.390  -1.568  -0.620                         
    IR    53    53 3    53     3  -1.925  -0.554  -4.164                          0.000  0.000  0.000  0.000 
				[ MATR   12 ]
    MR    54    53 3    56     3 -10.802  -0.003  -9.120                          1.969 -5.474 -5.090 -4.877 
     D    55    53 3    56     3  -6.390  -1.568  -0.620                         
    IR    56    56 3    56     3  -1.925  -0.554  -4.164                          0.000  0.000  0.000  0.000 
				[ MATR   13 ]
    MR    57    56 3    59     5  -1.570  -0.601  -9.276  -9.488 -10.380         -2.951 -4.429  1.807 -1.619 
     D    58    56 3    59     5  -5.352  -0.707  -2.978  -4.409  -2.404         
    IR    59    59 3    59     5  -1.396  -0.716  -9.111  -7.278  -8.384          0.000  0.000  0.000  0.000 
				[ MATP   14 ]
    MP    60    59 3    64     6 -10.672 -10.611  -0.114  -9.388  -9.668  -3.790 -4.392 -4.125 -4.733  0.968 -3.650 -5.117  2.056 -4.640 -0.211  1.812 -4.608  0.234  1.807 -4.402 -1.462 -3.395 
    ML    61    59 3    64     6  -6.250  -6.596  -1.310  -1.005  -6.446  -3.975  0.660 -0.612 -0.293 -0.076 
    MR    62    59 3    64     6  -6.988  -5.717  -1.625  -5.695  -0.829  -3.908  0.660 -0.612 -0.293 -0.076 
     D    63    59 3    64     6  -9.049  -7.747  -3.544  -4.226  -4.244  -0.319 
    IL    64    64 5    64     6  -2.579  -2.842  -0.760  -4.497  -5.274  -4.934  0.000  0.000  0.000  0.000 
    IR    65    65 6    65     5  -2.408  -0.496  -5.920  -4.087  -5.193          0.000  0.000  0.000  0.000 
				[ MATP   15 ]
    MP    66    65 6    70     6 -10.565 -10.505  -0.008  -9.281  -9.561  -9.956 -6.409 -6.266 -6.017  0.394 -4.754 -6.674  3.172 -6.041 -7.042  0.920 -6.228 -2.680  1.661 -6.553 -1.770 -4.895 
    ML    67    65 6    70     6  -6.250  -6.596  -1.310  -1.005  -6.446  -3.975  0.660 -0.612 -0.293 -0.076 
    MR    68    65 6    70     6  -6.988  -5.717  -1.625  -5.695  -0.829  -3.908  0.660 -0.612 -0.293 -0.076 
     D    69    65 6    70     6 -11.242  -9.940  -5.738  -6.420  -6.437  -0.064 
    IL    70    70 5    70     6  -2.579  -2.842  -0.760  -4.497  -5.274  -4.934  0.000  0.000  0.000  0.000 
    IR    71    71 6    71     5  -2.408  -0.496  -5.920  -4.087  -5.193          0.000  0.000  0.000  0.000 
				[ MATP   16 ]
    MP    72    71 6    76     6 -10.565 -10.505  -0.008  -9.281  -9.561  -9.956 -5.304 -4.998 -5.579  0.810 -4.290 -6.045  2.246 -5.412 -5.679  1.753 -5.531  0.981  1.825 -5.341 -1.628 -4.094 
    ML    73    71 6    76     6  -6.250  -6.596  -1.310  -1.005  -6.446  -3.975  0.660 -0.612 -0.293 -0.076 
    MR    74    71 6    76     6  -6.988  -5.717  -1.625  -5.695  -0.829  -3.908  0.660 -0.612 -0.293 -0.076 
     D    75    71 6    76     6 -11.242  -9.940  -5.738  -6.420  -6.437  -0.064 
    IL    76    76 5    76     6  -2.579  -2.842  -0.760  -4.497  -5.274  -4.934  0.000  0.000  0.000  0.000 
    IR    77    77 6    77     5  -2.408  -0.496  -5.920  -4.087  -5.193          0.000  0.000  0.000  0.000 
				[ MATP   17 ]
    MP    78    77 6    82     4  -1.283  -9.635  -1.017  -3.417                 -7.048 -7.010 -5.231 -0.176 -4.772 -5.851  3.597 -5.833 -8.917  0.285 -5.283 -3.537  0.339 -7.788 -1.848 -5.662 
    ML    79    77 6    82     4  -3.758  -3.940  -0.507  -2.670                  0.660 -0.612 -0.293 -0.076 
    MR    80    77 6    82     4  -4.809  -3.838  -1.706  -0.766                  0.660 -0.612 -0.293 -0.076 
     D    81    77 6    82     4  -6.686  -6.367  -4.383  -0.104                 
    IL    82    82 5    82     4  -1.127  -0.952  -5.419  -9.156                  0.000  0.000  0.000  0.000 
    IR    83    83 6    83     3  -0.532  -1.711  -8.313                          0.000  0.000  0.000  0.000 
				[ MATL   18 ]
    ML    84    83 6    86     3 -10.223  -0.004  -8.877                          0.015 -2.337 -1.049  1.207 
     D    85    83 6    86     3  -9.503  -5.016  -0.047                         
    IL    86    86 3    86     3  -1.442  -0.798  -4.142                          0.000  0.000  0.000  0.000 
				[ MATL   19 ]
    ML    87    86 3    89     3 -10.223  -0.004  -8.877                         -3.280  0.873  0.981 -3.443 
     D    88    86 3    89     3  -9.503  -5.016  -0.047                         
    IL    89    89 3    89     3  -1.442  -0.798  -4.142                          0.000  0.000  0.000  0.000 
				[ MATL   20 ]
    ML    90    89 3    92     3 -10.223  -0.004  -8.877                          0.501  1.204 -3.289 -2.484 
     D    91    89 3    92     3  -9.503  -0.103  -3.895                         
    IL    92    92 3    92     3  -1.442  -0.798  -4.142                          0.000  0.000  0.000  0.000 
				[ MATL   21 ]
    ML    93    92 3    95     3 -10.492  -0.004  -9.146                          0.321 -0.319  0.468 -0.821 
     D    94    92 3    95     3  -6.174  -1.687  -0.566                         
    IL    95    95 3    95     3  -1.442  -0.798  -4.142                          0.000  0.000  0.000  0.000 
				[ MATL   22 ]
    ML    96    95 3    98     3 -10.492  -0.139  -3.460                          0.108  0.720 -1.123 -0.294 
     D    97    95 3    98     3  -6.174  -1.687  -0.566                         
    IL    98    98 3    98     3  -1.442  -0.798  -4.142                          0.000  0.000  0.000  0.000 
				[ MATL   23 ]
    ML    99    98 3   101     3 -10.357  -0.004  -9.011                          1.385 -3.585  0.245 -3.058 
     D   100    98 3   101     3  -8.697  -4.210  -0.084                         
    IL   101   101 3   101     3  -1.442  -0.798  -4.142                          0.000  0.000  0.000  0.000 
				[ MATL   24 ]
    ML   102   101 3   104     3 -10.357  -0.004  -9.011                          0.592  0.829 -2.663 -0.842 
     D   103   101 3   104     3  -8.697  -4.210  -0.084                         
    IL   104   104 3   104     3  -1.442  -0.798  -4.142                          0.000  0.000  0.000  0.000 
				[ MATL   25 ]
    ML   105   104 3   107     3 -10.357  -0.004  -9.011                          1.086 -0.148 -1.235 -0.863 
     D   106   104 3   107     3  -8.697  -4.210  -0.084                         
    IL   107   107 3   107     3  -1.442  -0.798  -4.142                          0.000  0.000  0.000  0.000 
				[ MATL   26 ]
    ML   108   107 3   110     3 -10.357  -0.138  -3.465                         -0.347 -0.306 -0.601  0.804 
     D   109   107 3   110     3  -8.697  -4.210  -0.084                         
    IL   110   110 3   110     3  -1.442  -0.798  -4.142                          0.000  0.000  0.000  0.000 
				[ MATL   27 ]
    ML   111   110 3   113     3 -10.223  -0.004  -8.877                         -3.484  1.468  0.076 -3.462 
     D   112   110 3   113     3  -9.503  -5.016  -0.047                         
    IL   113   113 3   113     3  -1.442  -0.798  -4.142                          0.000  0.000  0.000  0.000 
				[ MATL   28 ]
    ML   114   113 3   116     3 -10.223  -0.004  -8.877                         -1.712  0.142 -0.152  0.758 
     D   115   113 3   116     3  -9.503  -5.016  -0.047                         
    IL   116   116 3   116     3  -1.442  -0.798  -4.142                          0.000  0.000  0.000  0.000 
				[ MATL   29 ]
    ML   117   116 3   119     3 -10.223  -0.171  -3.175                          1.736 -2.014 -3.011 -1.755 
     D   118   116 3   119     3  -9.503  -5.016  -0.047                         
    IL   119   119 3   119     3  -1.442  -0.798  -4.142                          0.000  0.000  0.000  0.000 
				[ MATL   30 ]
    ML   120   119 3   122     2       *   0.000                                  1.052 -0.199 -0.947 -0.899 
     D   121   119 3   122     2       *   0.000                                 
    IL   122   122 3   122     2  -1.823  -0.479                                  0.000  0.000  0.000  0.000 
				[ END    31 ]
     E   123   122 3    -1     0                                                 
//
