INFERNAL1/a [1.1 | October 2013]
NAME     RBS_E_coli
DESC     Shine-Dalgarno sequences of the Escherichia coli sub-type
STATES   121
NODES    41
CLEN     39
W        85
ALPH     RNA
RF       no
CONS     yes
MAP      yes
DATE     Fri May 30 15:06:03 2014
COM      [1] /share/data/bin/cmbuild -F /share/data/people/ppg15/motifs/RBS_E_coli/CM /share/data/people/ppg15/motifs/RBS_E_coli/SEED
COM      [2] /share/data/bin/cmcalibrate --mpi --seed 1 /share/data/people/ppg15/motifs/RBS_E_coli/CM
PBEGIN   0.05
PEND     0.05
WBETA    1e-07
QDBBETA1 1e-07
QDBBETA2 1e-15
N2OMEGA  1.52588e-05
N3OMEGA  1.52588e-05
ELSELF   -0.08926734
NSEQ     202
EFFN     202.000000
CKSUM    1733616418
NULL     0.000  0.000  0.000  0.000 
GA       14.00
EFP7GF   -5.9714 0.77814
ECMLC    0.35695   -10.86835     5.47588     1600000      410108  0.002926
ECMGC    0.43132    -3.88357     8.89312     1600000       98943  0.004043
ECMLI    0.37383    -7.75154     5.73082     1600000      185379  0.006473
ECMGI    0.43501    -3.63014     8.94561     1600000       95044  0.004209
CM
                                             [ ROOT    0 ]      -      - - - - -
     S     0    -1 0     1     4     1     1    85   155 -12.802 -13.009  -0.001 -11.423                 
    IL     1     1 2     1     4     1     7    87   157  -1.686  -2.369  -1.117  -4.855                  0.000  0.000  0.000  0.000 
    IR     2     2 3     2     3     1     6    87   157  -1.442  -0.798  -4.142                          0.000  0.000  0.000  0.000 
                                             [ MATL    1 ]      1      - u - - -
    ML     3     2 3     5     3     1    12    85   155 -10.996  -0.001 -10.996                          0.011 -0.315 -1.181  0.806 
     D     4     2 3     5     3     0     0    83   153 -11.551  -1.585  -0.585                         
    IL     5     5 3     5     3     1    10   100   171  -0.384  -2.121  -8.028                          0.000  0.000  0.000  0.000 
                                             [ MATL    2 ]      2      - u - - -
    ML     6     5 3     8     3     1    11    84   154 -10.996  -0.001 -10.996                         -0.171 -0.246 -0.119  0.431 
     D     7     5 3     8     3     0     0    82   152 -11.551  -1.585  -0.585                         
    IL     8     8 3     8     3     1     9    99   169  -0.384  -2.121  -8.028                          0.000  0.000  0.000  0.000 
                                             [ MATL    3 ]      3      - c - - -
    ML     9     8 3    11     3     1    10    83   153 -10.996  -0.001 -10.996                          0.061  0.266 -0.828  0.252 
     D    10     8 3    11     3     0     0    81   151 -11.551  -1.585  -0.585                         
    IL    11    11 3    11     3     1     8    98   168  -0.384  -2.121  -8.028                          0.000  0.000  0.000  0.000 
                                             [ MATL    4 ]      4      - u - - -
    ML    12    11 3    14     3     1     9    82   152 -10.996  -0.001 -10.996                         -0.094  0.220 -0.595  0.306 
     D    13    11 3    14     3     0     0    80   149 -11.551  -1.585  -0.585                         
    IL    14    14 3    14     3     1     7    97   167  -0.384  -2.121  -8.028                          0.000  0.000  0.000  0.000 
                                             [ MATL    5 ]      5      - u - - -
    ML    15    14 3    17     3     1     8    81   151 -10.996  -0.001 -10.996                         -0.367  0.361 -1.173  0.582 
     D    16    14 3    17     3     0     0    79   148 -11.551  -1.585  -0.585                         
    IL    17    17 3    17     3     1     6    96   166  -0.384  -2.121  -8.028                          0.000  0.000  0.000  0.000 
                                             [ MATL    6 ]      6      - u - - -
    ML    18    17 3    20     3     1     8    80   150 -10.996  -0.001 -10.996                         -0.321 -0.151 -0.634  0.727 
     D    19    17 3    20     3     0     0    77   147 -11.551  -1.585  -0.585                         
    IL    20    20 3    20     3     1     6    95   165  -0.384  -2.121  -8.028                          0.000  0.000  0.000  0.000 
                                             [ MATL    7 ]      7      - u - - -
    ML    21    20 3    23     3     1     7    79   148 -10.996  -0.001 -10.996                         -0.331  0.312 -0.875  0.505 
     D    22    20 3    23     3     0     0    76   146 -11.551  -1.585  -0.585                         
    IL    23    23 3    23     3     1     5    94   164  -0.384  -2.121  -8.028                          0.000  0.000  0.000  0.000 
                                             [ MATL    8 ]      8      - u - - -
    ML    24    23 3    26     3     1     6    78   147 -10.996  -0.001 -10.996                          0.333 -0.219 -0.962  0.451 
     D    25    23 3    26     3     0     0    75   145 -11.551  -1.585  -0.585                         
    IL    26    26 3    26     3     1     4    93   163  -0.384  -2.121  -8.028                          0.000  0.000  0.000  0.000 
                                             [ MATL    9 ]      9      - u - - -
    ML    27    26 3    29     3     1     6    76   146 -10.996  -0.001 -10.996                          0.269 -0.293 -1.226  0.633 
     D    28    26 3    29     3     0     0    74   144 -11.551  -1.585  -0.585                         
    IL    29    29 3    29     3     1     3    92   162  -0.384  -2.121  -8.028                          0.000  0.000  0.000  0.000 
                                             [ MATL   10 ]     10      - u - - -
    ML    30    29 3    32     3     1     5    75   145 -10.996  -0.001 -10.996                         -0.198 -0.236 -1.198  0.882 
     D    31    29 3    32     3     0     0    73   143 -11.551  -1.585  -0.585                         
    IL    32    32 3    32     3     1     2    91   161  -0.384  -2.121  -8.028                          0.000  0.000  0.000  0.000 
                                             [ MATL   11 ]     11      - u - - -
    ML    33    32 3    35     3     1     4    74   144 -10.996  -0.001 -10.996                          0.028  0.102 -0.484  0.254 
     D    34    32 3    35     3     0     0    72   141 -11.551  -1.585  -0.585                         
    IL    35    35 3    35     3     1     2    90   160  -0.384  -2.121  -8.028                          0.000  0.000  0.000  0.000 
                                             [ MATL   12 ]     12      - u - - -
    ML    36    35 3    38     3     1     4    73   143 -10.996  -0.001 -10.996                         -0.059 -0.205 -1.320  0.825 
     D    37    35 3    38     3     0     0    71   140 -11.551  -1.585  -0.585                         
    IL    38    38 3    38     3     1     1    89   159  -0.384  -2.121  -8.028                          0.000  0.000  0.000  0.000 
                                             [ MATL   13 ]     13      - a - - -
    ML    39    38 3    41     3     1     3    72   142 -10.996  -0.001 -10.996                          0.373  0.186 -1.648  0.320 
     D    40    38 3    41     3     0     0    69   139 -11.551  -1.585  -0.585                         
    IL    41    41 3    41     3     1     1    88   158  -0.384  -2.121  -8.028                          0.000  0.000  0.000  0.000 
                                             [ MATL   14 ]     14      - a - - -
    ML    42    41 3    44     3     1     3    71   140 -10.996  -0.001 -10.996                          0.595 -0.917 -0.966  0.534 
     D    43    41 3    44     3     0     0    68   138 -11.551  -1.585  -0.585                         
    IL    44    44 3    44     3     1     1    87   157  -0.384  -2.121  -8.028                          0.000  0.000  0.000  0.000 
                                             [ MATL   15 ]     15      - a - - -
    ML    45    44 3    47     3     1     2    70   139 -10.996  -0.001 -10.996                          0.430 -0.205 -0.326 -0.018 
     D    46    44 3    47     3     0     0    67   137 -11.551  -1.585  -0.585                         
    IL    47    47 3    47     3     1     1    86   156  -0.384  -2.121  -8.028                          0.000  0.000  0.000  0.000 
                                             [ MATL   16 ]     16      - a - - -
    ML    48    47 3    50     3     1     2    68   138 -10.996  -0.001 -10.996                          0.560 -0.359 -0.680  0.166 
     D    49    47 3    50     3     0     0    66   136 -11.551  -1.585  -0.585                         
    IL    50    50 3    50     3     1     1    85   155  -0.384  -2.121  -8.028                          0.000  0.000  0.000  0.000 
                                             [ MATL   17 ]     17      - a - - -
    ML    51    50 3    53     3     1     2    67   137 -10.996  -0.001 -10.996                          0.852 -0.897 -0.707  0.064 
     D    52    50 3    53     3     0     0    65   134 -11.551  -1.585  -0.585                         
    IL    53    53 3    53     3     1     1    84   154  -0.384  -2.121  -8.028                          0.000  0.000  0.000  0.000 
                                             [ MATL   18 ]     18      - a - - -
    ML    54    53 3    56     3     1     1    66   136 -10.996  -0.001 -10.996                          0.635 -0.457 -1.067  0.312 
     D    55    53 3    56     3     0     0    64   133 -11.551  -1.585  -0.585                         
    IL    56    56 3    56     3     1     1    83   153  -0.384  -2.121  -8.028                          0.000  0.000  0.000  0.000 
                                             [ MATL   19 ]     19      - A - - -
    ML    57    56 3    59     3     1     1    65   134 -10.996  -0.001 -10.996                          1.214 -1.292  0.002 -1.883 
     D    58    56 3    59     3     0     0    62   132 -11.551  -1.585  -0.585                         
    IL    59    59 3    59     3     1     1    82   151  -0.384  -2.121  -8.028                          0.000  0.000  0.000  0.000 
                                             [ MATL   20 ]     20      - A - - -
    ML    60    59 3    62     3     1     1    64   133 -10.996  -0.001 -10.996                          1.216 -2.803  0.544 -3.713 
     D    61    59 3    62     3     0     0    61   131 -11.551  -1.585  -0.585                         
    IL    62    62 3    62     3     1     1    81   150  -0.384  -2.121  -8.028                          0.000  0.000  0.000  0.000 
                                             [ MATL   21 ]     21      - G - - -
    ML    63    62 3    65     3     1     1    62   132 -10.996  -0.001 -10.996                         -0.084 -4.374  1.564 -4.304 
     D    64    62 3    65     3     0     0    60   129 -11.551  -1.585  -0.585                         
    IL    65    65 3    65     3     1     1    80   149  -0.384  -2.121  -8.028                          0.000  0.000  0.000  0.000 
                                             [ MATL   22 ]     22      - G - - -
    ML    66    65 3    68     3     1     1    61   131 -10.996  -0.001 -10.996                         -1.021 -3.834  1.778 -6.895 
     D    67    65 3    68     3     0     0    59   128 -11.551  -1.585  -0.585                         
    IL    68    68 3    68     3     1     1    79   148  -0.384  -2.121  -8.028                          0.000  0.000  0.000  0.000 
                                             [ MATL   23 ]     23      - A - - -
    ML    69    68 3    71     3     1     1    60   129 -10.996  -0.001 -10.996                          1.169 -3.358  0.475 -1.922 
     D    70    68 3    71     3     0     0    58   127 -11.551  -1.585  -0.585                         
    IL    71    71 3    71     3     1     1    77   147  -0.384  -2.121  -8.028                          0.000  0.000  0.000  0.000 
                                             [ MATL   24 ]     24      - A - - -
    ML    72    71 3    74     3     1     1    59   128 -10.996  -0.001 -10.996                          1.006 -2.650  0.410 -0.991 
     D    73    71 3    74     3     0     0    56   126 -11.551  -1.585  -0.585                         
    IL    74    74 3    74     3     1     1    76   146  -0.384  -2.121  -8.028                          0.000  0.000  0.000  0.000 
                                             [ MATL   25 ]     25      - a - - -
    ML    75    74 3    77     3     1     1    57   127 -10.996  -0.001 -10.996                          0.916 -1.569 -0.571  0.141 
     D    76    74 3    77     3     0     0    55   124 -11.551  -1.585  -0.585                         
    IL    77    77 3    77     3     1     1    75   145  -0.384  -2.121  -8.028                          0.000  0.000  0.000  0.000 
                                             [ MATL   26 ]     26      - a - - -
    ML    78    77 3    80     3     1     1    56   126 -10.996  -0.001 -10.996                          0.671 -1.443 -0.928  0.599 
     D    79    77 3    80     3     0     0    54   123 -11.551  -1.585  -0.585                         
    IL    80    80 3    80     3     1     1    74   144  -0.384  -2.121  -8.028                          0.000  0.000  0.000  0.000 
                                             [ MATL   27 ]     27      - a - - -
    ML    81    80 3    83     3     1     1    55   124 -10.996  -0.001 -10.996                          0.985  0.061 -1.423 -0.728 
     D    82    80 3    83     3     0     0    52   122 -11.551  -1.585  -0.585                         
    IL    83    83 3    83     3     1     1    73   143  -0.384  -2.121  -8.028                          0.000  0.000  0.000  0.000 
                                             [ MATL   28 ]     28      - A - - -
    ML    84    83 3    86     3     1     1    53   123 -10.996  -0.001 -10.996                          1.402 -1.896 -0.422 -1.549 
     D    85    83 3    86     3     0     0    51   120 -11.551  -1.585  -0.585                         
    IL    86    86 3    86     3     1     1    72   142  -0.384  -2.121  -8.028                          0.000  0.000  0.000  0.000 
                                             [ MATL   29 ]     29      - u - - -
    ML    87    86 3    89     3     1     1    52   121 -10.996  -0.001 -10.996                         -0.536  0.450 -3.323  0.884 
     D    88    86 3    89     3     0     0    50   119 -11.551  -1.585  -0.585                         
    IL    89    89 3    89     3     1     1    71   141  -0.384  -2.121  -8.028                          0.000  0.000  0.000  0.000 
                                             [ MATL   30 ]     30      - c - - -
    ML    90    89 3    92     3     1     1    51   120 -10.996  -0.001 -10.996                          0.180  0.369 -1.399  0.259 
     D    91    89 3    92     3     0     0    48   118 -11.551  -1.585  -0.585                         
    IL    92    92 3    92     3     1     1    70   140  -0.384  -2.121  -8.028                          0.000  0.000  0.000  0.000 
                                             [ MATL   31 ]     31      - A - - -
    ML    93    92 3    95     3     1     1    49   119 -10.996  -0.001 -10.996                          1.999 -10.599 -9.131 -10.228 
     D    94    92 3    95     3     0     0    47   116 -11.551  -1.585  -0.585                         
    IL    95    95 3    95     3     1     1    69   139  -0.384  -2.121  -8.028                          0.000  0.000  0.000  0.000 
                                             [ MATL   32 ]     32      - U - - -
    ML    96    95 3    98     3     1     1    48   117 -10.996  -0.001 -10.996                         -8.986 -9.156 -9.069  1.998 
     D    97    95 3    98     3     0     0    45   115 -11.551  -1.585  -0.585                         
    IL    98    98 3    98     3     1     1    68   138  -0.384  -2.121  -8.028                          0.000  0.000  0.000  0.000 
                                             [ MATL   33 ]     33      - G - - -
    ML    99    98 3   101     3     1     1    46   115 -10.996  -0.001 -10.996                         -9.107 -10.626  1.999 -10.238 
     D   100    98 3   101     3     0     0    44   113 -11.551  -1.585  -0.585                         
    IL   101   101 3   101     3     1     1    67   137  -0.384  -2.121  -8.028                          0.000  0.000  0.000  0.000 
                                             [ MATL   34 ]     34      - A - - -
    ML   102   101 3   104     3     1     1    44   114 -10.996  -0.001 -10.996                          1.470 -2.185 -0.297 -2.353 
     D   103   101 3   104     3     0     0    42   111 -11.551  -1.585  -0.585                         
    IL   104   104 3   104     3     1     1    66   135  -0.384  -2.121  -8.028                          0.000  0.000  0.000  0.000 
                                             [ MATL   35 ]     35      - A - - -
    ML   105   104 3   107     3     1     1    43   112 -10.996  -0.001 -10.996                          1.238 -0.086 -1.042 -2.227 
     D   106   104 3   107     3     0     0    40   109 -11.551  -1.585  -0.585                         
    IL   107   107 3   107     3     1     1    65   134  -0.384  -2.121  -8.028                          0.000  0.000  0.000  0.000 
                                             [ MATL   36 ]     36      - a - - -
    ML   108   107 3   110     3     1     1    41   110 -10.996  -0.001 -10.996                          0.997 -0.885 -2.054  0.289 
     D   109   107 3   110     3     0     0    38   107 -11.551  -1.585  -0.585                         
    IL   110   110 3   110     3     1     1    64   133  -0.384  -2.121  -8.028                          0.000  0.000  0.000  0.000 
                                             [ MATL   37 ]     37      - A - - -
    ML   111   110 3   113     3     1     1    38   107 -10.996  -0.001 -10.996                          1.327 -0.104 -1.024 -3.838 
     D   112   110 3   113     3     0     0    36   105 -11.551  -1.585  -0.585                         
    IL   113   113 3   113     3     1     1    63   132  -0.384  -2.121  -8.028                          0.000  0.000  0.000  0.000 
                                             [ MATL   38 ]     38      - A - - -
    ML   114   113 3   116     3     1     1    34   104 -10.996  -0.001 -10.996                          1.235 -0.534 -2.540 -0.352 
     D   115   113 3   116     3     0     0    32   101 -11.551  -1.585  -0.585                         
    IL   116   116 3   116     3     1     1    62   131  -0.384  -2.121  -8.028                          0.000  0.000  0.000  0.000 
                                             [ MATL   39 ]     39      - a - - -
    ML   117   116 3   119     2     1     1     1     1       *   0.000                                  0.529 -0.463 -0.431  0.124 
     D   118   116 3   119     2     0     0     0     0       *   0.000                                 
    IL   119   119 3   119     2     1     1    13    28  -1.823  -0.479                                  0.000  0.000  0.000  0.000 
                                             [ END    40 ]      -      - - - - -
     E   120   119 3    -1     0     0     0     0     0                                                 
//
HMMER3/f [i1.1 | October 2013]
NAME  RBS_E_coli
DESC  Shine-Dalgarno sequences of the Escherichia coli sub-type
LENG  39
MAXL  85
ALPH  RNA
RF    no
MM    no
CONS  yes
CS    yes
MAP   no
DATE  Fri May 30 15:06:03 2014
COM   [1] /share/data/bin/cmbuild -F /share/data/people/ppg15/motifs/RBS_E_coli/CM /share/data/people/ppg15/motifs/RBS_E_coli/SEED
COM   [2] /share/data/bin/cmbuild -F /share/data/people/ppg15/motifs/RBS_E_coli/CM /share/data/people/ppg15/motifs/RBS_E_coli/SEED
NSEQ  202
EFFN  202.000000
STATS LOCAL MSV       -8.4762  0.77814
STATS LOCAL VITERBI   -9.0051  0.77814
STATS LOCAL FORWARD   -2.2830  0.77814
HMM          A        C        G        U   
            m->m     m->i     m->d     i->m     i->i     d->m     d->d
  COMPO   0.99891  1.76653  1.59438  1.35573
          1.38629  1.38629  1.38629  1.38629
          0.00052  8.87333  7.88816  0.39730  1.11515  0.00000        *
      1   1.37887  1.60480  2.20519  0.82788      - u - - :
          1.38629  1.38629  1.38629  1.38629
          0.00098  7.62169  7.62169  1.46634  0.26236  1.09861  0.40547
      2   1.50483  1.55689  1.46885  1.08778      - u - - :
          1.38629  1.38629  1.38629  1.38629
          0.00098  7.62169  7.62169  1.46634  0.26236  1.09861  0.40547
      3   1.34387  1.20210  1.96050  1.21129      - c - - :
          1.38629  1.38629  1.38629  1.38629
          0.00098  7.62169  7.62169  1.46634  0.26236  1.09861  0.40547
      4   1.45112  1.23402  1.79848  1.17434      - u - - :
          1.38629  1.38629  1.38629  1.38629
          0.00098  7.62169  7.62169  1.46634  0.26236  1.09861  0.40547
      5   1.64074  1.13624  2.19904  0.98289      - u - - :
          1.38629  1.38629  1.38629  1.38629
          0.00098  7.62169  7.62169  1.46634  0.26236  1.09861  0.40547
      6   1.60888  1.49113  1.82598  0.88259      - u - - :
          1.38629  1.38629  1.38629  1.38629
          0.00098  7.62169  7.62169  1.46634  0.26236  1.09861  0.40547
      7   1.61605  1.17005  1.99302  1.03653      - u - - :
          1.38629  1.38629  1.38629  1.38629
          0.00098  7.62169  7.62169  1.46634  0.26236  1.09861  0.40547
      8   1.15519  1.53802  2.05308  1.07336      - u - - :
          1.38629  1.38629  1.38629  1.38629
          0.00098  7.62169  7.62169  1.46634  0.26236  1.09861  0.40547
      9   1.19959  1.58959  2.23617  0.94725      - u - - :
          1.38629  1.38629  1.38629  1.38629
          0.00098  7.62169  7.62169  1.46634  0.26236  1.09861  0.40547
     10   1.52364  1.54965  2.21688  0.77477      - u - - :
          1.38629  1.38629  1.38629  1.38629
          0.00098  7.62169  7.62169  1.46634  0.26236  1.09861  0.40547
     11   1.36665  1.31587  1.72206  1.21032      - u - - :
          1.38629  1.38629  1.38629  1.38629
          0.00098  7.62169  7.62169  1.46634  0.26236  1.09861  0.40547
     12   1.42704  1.52862  2.30116  0.81417      - u - - :
          1.38629  1.38629  1.38629  1.38629
          0.00098  7.62169  7.62169  1.46634  0.26236  1.09861  0.40547
     13   1.12754  1.25745  2.52850  1.16471      - a - - :
          1.38629  1.38629  1.38629  1.38629
          0.00098  7.62169  7.62169  1.46634  0.26236  1.09861  0.40547
     14   0.97355  2.02209  2.05598  1.01635      - a - - :
          1.38629  1.38629  1.38629  1.38629
          0.00098  7.62169  7.62169  1.46634  0.26236  1.09861  0.40547
     15   1.08843  1.52827  1.61229  1.39871      - a - - :
          1.38629  1.38629  1.38629  1.38629
          0.00098  7.62169  7.62169  1.46634  0.26236  1.09861  0.40547
     16   0.99779  1.63539  1.85791  1.27143      - a - - :
          1.38629  1.38629  1.38629  1.38629
          0.00098  7.62169  7.62169  1.46634  0.26236  1.09861  0.40547
     17   0.79575  2.00828  1.87660  1.34159      - a - - :
          1.38629  1.38629  1.38629  1.38629
          0.00098  7.62169  7.62169  1.46634  0.26236  1.09861  0.40547
     18   0.94626  1.70340  2.12616  1.16973      - a - - :
          1.38629  1.38629  1.38629  1.38629
          0.00098  7.62169  7.62169  1.46634  0.26236  1.09861  0.40547
     19   0.54502  2.28218  1.38505  2.69120      - A - - :
          1.38629  1.38629  1.38629  1.38629
          0.00098  7.62169  7.62169  1.46634  0.26236  1.09861  0.40547
     20   0.54350  3.32893  1.00954  3.95977      - A - - :
          1.38629  1.38629  1.38629  1.38629
          0.00098  7.62169  7.62169  1.46634  0.26236  1.09861  0.40547
     21   1.44427  4.41837  0.30195  4.36976      - G - - :
          1.38629  1.38629  1.38629  1.38629
          0.00098  7.62169  7.62169  1.46634  0.26236  1.09861  0.40547
     22   2.09432  4.04357  0.15407  6.16564      - G - - :
          1.38629  1.38629  1.38629  1.38629
          0.00098  7.62169  7.62169  1.46634  0.26236  1.09861  0.40547
     23   0.57604  3.71405  1.05697  2.71821      - A - - :
          1.38629  1.38629  1.38629  1.38629
          0.00098  7.62169  7.62169  1.46634  0.26236  1.09861  0.40547
     24   0.68883  3.22300  1.10189  2.07341      - A - - :
          1.38629  1.38629  1.38629  1.38629
          0.00098  7.62169  7.62169  1.46634  0.26236  1.09861  0.40547
     25   0.75123  2.47390  1.78238  1.28837      - a - - :
          1.38629  1.38629  1.38629  1.38629
          0.00098  7.62169  7.62169  1.46634  0.26236  1.09861  0.40547
     26   0.92115  2.38639  2.02930  0.97141      - a - - :
          1.38629  1.38629  1.38629  1.38629
          0.00098  7.62169  7.62169  1.46634  0.26236  1.09861  0.40547
     27   0.70326  1.34377  2.37288  1.89074      - a - - :
          1.38629  1.38629  1.38629  1.38629
          0.00098  7.62169  7.62169  1.46634  0.26236  1.09861  0.40547
     28   0.41434  2.70026  1.67895  2.45965      - A - - :
          1.38629  1.38629  1.38629  1.38629
          0.00098  7.62169  7.62169  1.46634  0.26236  1.09861  0.40547
     29   1.75804  1.07469  3.68980  0.77384      - u - - :
          1.38629  1.38629  1.38629  1.38629
          0.00098  7.62169  7.62169  1.46634  0.26236  1.09861  0.40547
     30   1.26182  1.13028  2.35603  1.20690      - c - - :
          1.38629  1.38629  1.38629  1.38629
          0.00098  7.62169  7.62169  1.46634  0.26236  1.09861  0.40547
     31   0.00082  8.73272  7.71541  8.47549      - A - - :
          1.38629  1.38629  1.38629  1.38629
          0.00098  7.62169  7.62169  1.46634  0.26236  1.09861  0.40547
     32   7.61489  7.73278  7.67253  0.00140      - U - - :
          1.38629  1.38629  1.38629  1.38629
          0.00098  7.62169  7.62169  1.46634  0.26236  1.09861  0.40547
     33   7.69882  8.75145  0.00082  8.48289      - G - - :
          1.38629  1.38629  1.38629  1.38629
          0.00098  7.62169  7.62169  1.46634  0.26236  1.09861  0.40547
     34   0.36734  2.90100  1.59204  3.01706      - A - - :
          1.38629  1.38629  1.38629  1.38629
          0.00098  7.62169  7.62169  1.46634  0.26236  1.09861  0.40547
     35   0.52815  1.44605  2.10851  2.93018      - A - - :
          1.38629  1.38629  1.38629  1.38629
          0.00098  7.62169  7.62169  1.46634  0.26236  1.09861  0.40547
     36   0.69511  1.99984  2.81022  1.18603      - a - - :
          1.38629  1.38629  1.38629  1.38629
          0.00098  7.62169  7.62169  1.46634  0.26236  1.09861  0.40547
     37   0.46667  1.45872  2.09635  4.04689      - A - - :
          1.38629  1.38629  1.38629  1.38629
          0.00098  7.62169  7.62169  1.46634  0.26236  1.09861  0.40547
     38   0.53010  1.75655  3.14678  1.63052      - A - - :
          1.38629  1.38629  1.38629  1.38629
          0.00098  7.62169  7.62169  1.46634  0.26236  1.09861  0.40547
     39   1.01960  1.70751  1.68492  1.30017      - a - - :
          1.38629  1.38629  1.38629  1.38629
                *  0.00000        *  0.45905  0.99935  0.00000        *
//
