INFERNAL1/a [1.1 | October 2013]
NAME     docking_elbow
DESC     Docking elbow of tRNA in the ribosome, RNAse P and T-box leaders
STATES   310
NODES    86
CLEN     102
W        408
ALPH     RNA
RF       no
CONS     yes
MAP      yes
DATE     Fri May 30 14:18:02 2014
COM      [1] /share/data/bin/cmbuild -F /share/data/people/ppg15/motifs/docking_elbow/CM /share/data/people/ppg15/motifs/docking_elbow/SEED
COM      [2] /share/data/bin/cmcalibrate --mpi --seed 1 /share/data/people/ppg15/motifs/docking_elbow/CM
PBEGIN   0.05
PEND     0.05
WBETA    1e-07
QDBBETA1 1e-07
QDBBETA2 1e-15
N2OMEGA  1.52588e-05
N3OMEGA  1.52588e-05
ELSELF   -0.08926734
NSEQ     109
EFFN     18.451630
CKSUM    3801729446
NULL     0.000  0.000  0.000  0.000 
GA       20.00
EFP7GF   -7.2906 0.71814
ECMLC    0.66625    -7.12080     0.82987     1600000      239709  0.005006
ECMGC    0.40830   -13.94523    -1.08711     1600000       76220  0.005248
ECMLI    0.59045    -5.09608     2.97577     1600000      140940  0.008514
ECMGI    0.44442   -10.01322     1.30125     1600000       61072  0.006550
CM
                                             [ ROOT    0 ]      -      - - - - -
     S     0    -1 0     1     6     1     1   408   772 -10.588 -10.527  -0.008  -9.304  -9.584  -9.979 
    IL     1     1 2     1     6     1    19   410   773  -2.579  -2.842  -0.760  -4.497  -5.274  -4.934  0.000  0.000  0.000  0.000 
    IR     2     2 3     2     5     1    19   410   773  -2.408  -0.496  -5.920  -4.087  -5.193          0.000  0.000  0.000  0.000 
                                             [ MATP    1 ]      1    230 u a - -
    MP     3     2 3     7     6     3    19   409   773 -10.588 -10.527  -0.008  -9.304  -9.584  -9.979 -2.287 -2.019 -1.464  0.970 -1.784 -1.449  0.902 -1.811  0.371  0.742  0.229  0.488  1.439 -1.195  0.122 -0.642 
    ML     4     2 3     7     6     1    17   407   770  -6.250  -6.596  -1.310  -1.005  -6.446  -3.975  0.368 -0.385 -0.191  0.094 
    MR     5     2 3     7     6     1    16   405   769  -6.988  -5.717  -1.625  -5.695  -0.829  -3.908  0.368 -0.385 -0.191  0.094 
     D     6     2 3     7     6     0    14   402   765  -9.049  -7.747  -3.544  -4.226  -4.244  -0.319 
    IL     7     7 5     7     6     1    18   408   771  -2.579  -2.842  -0.760  -4.497  -5.274  -4.934  0.000  0.000  0.000  0.000 
    IR     8     8 6     8     5     1    17   408   771  -2.408  -0.496  -5.920  -4.087  -5.193          0.000  0.000  0.000  0.000 
                                             [ MATP    2 ]      2    229 u a - -
    MP     9     8 6    13     4     2    17   407   771  -9.457  -1.133  -1.989  -1.782                 -1.814 -2.508 -2.491  1.451 -0.256 -3.343  1.406 -2.842 -2.559  0.976 -2.487 -0.289  1.481 -0.771  0.428  0.064 
    ML    10     8 6    13     4     1    17   406   769  -3.758  -3.940  -0.507  -2.670                  0.368 -0.385 -0.191  0.094 
    MR    11     8 6    13     4     1    15   403   766  -4.809  -3.838  -1.706  -0.766                  0.368 -0.385 -0.191  0.094 
     D    12     8 6    13     4     0    13   401   764  -4.568  -4.250  -2.265  -0.520                 
    IL    13    13 5    13     4     1    19   407   771  -1.686  -2.369  -1.117  -4.855                  0.000  0.000  0.000  0.000 
    IR    14    14 6    14     3     1    20   409   772  -0.419  -2.047  -6.607                          0.000  0.000  0.000  0.000 
                                             [ MATL    3 ]      3      - g - - -
    ML    15    14 6    17     3     1    18   405   768  -9.873  -0.005  -8.527                          0.358 -1.679  0.593 -0.156 
     D    16    14 6    17     3     0    13   398   762 -10.157  -5.670  -0.030                         
    IL    17    17 3    17     3     1    17   405   768  -1.442  -0.798  -4.142                          0.000  0.000  0.000  0.000 
                                             [ MATL    4 ]      4      - A - - -
    ML    18    17 3    20     3     1    17   404   767  -9.873  -0.005  -8.527                          1.317 -1.210 -1.641 -0.405 
     D    19    17 3    20     3     0    13   398   761 -10.157  -5.670  -0.030                         
    IL    20    20 3    20     3     1    17   404   767  -1.442  -0.798  -4.142                          0.000  0.000  0.000  0.000 
                                             [ MATL    5 ]      5      - a - - -
    ML    21    20 3    23     3     1    16   403   766  -9.873  -0.212  -2.885                          0.376  0.062 -0.417 -0.137 
     D    22    20 3    23     3     0    13   398   761 -10.157  -5.670  -0.030                         
    IL    23    23 3    23     3     1    17   404   767  -1.442  -0.798  -4.142                          0.000  0.000  0.000  0.000 
                                             [ MATL    6 ]      6      - c - - -
    ML    24    23 3    26     3     1    16   402   766  -0.665  -1.916  -3.259                         -0.645  0.738 -0.711  0.113 
     D    25    23 3    26     3     0    13   398   761 -10.526  -6.039  -0.023                         
    IL    26    26 3    26     3     1    17   403   766  -0.482  -1.831  -8.388                          0.000  0.000  0.000  0.000 
                                             [ MATL    7 ]     17      - a - - -
    ML    27    26 3    29     3     1    15   399   762  -9.514  -0.007  -8.168                          0.108 -0.194  0.076 -0.010 
     D    28    26 3    29     3     0    13   398   761 -10.727  -2.354  -0.315                         
    IL    29    29 3    29     3     1    15   400   763  -1.442  -0.798  -4.142                          0.000  0.000  0.000  0.000 
                                             [ MATL    8 ]     18      - g - - -
    ML    30    29 3    32     5     1    14   398   761  -8.719  -1.131  -8.534  -1.160  -3.464         -0.011 -0.664  0.407  0.070 
     D    31    29 3    32     5     0    13   398   761  -8.449  -0.335  -7.711  -3.505  -3.165         
    IL    32    32 3    32     5     1    15   400   763  -2.408  -0.496  -4.087  -5.920  -5.193          0.000  0.000  0.000  0.000 
                                             [ MATP    9 ]     19    217 c g - -
    MP    33    32 3    37     6     2    21   399   762 -10.005  -9.945  -0.011  -8.721  -9.001  -9.396 -2.956 -3.027 -3.108  1.299 -2.767 -3.954  2.214 -0.114 -3.129  0.959 -3.684 -0.039  1.709 -3.254 -0.525 -2.188 
    ML    34    32 3    37     6     1    14   396   760  -6.250  -6.596  -1.310  -1.005  -6.446  -3.975  0.368 -0.385 -0.191  0.094 
    MR    35    32 3    37     6     1    16   396   760 -10.193  -8.922  -4.187  -8.901  -0.100  -7.114  0.052 -0.369  0.778 -1.076 
     D    36    32 3    37     6     0    10   392   755 -11.263  -9.961  -5.758  -6.440  -6.457  -0.063 
    IL    37    37 5    37     6     1    15   398   761  -2.579  -2.842  -0.760  -4.497  -5.274  -4.934  0.000  0.000  0.000  0.000 
    IR    38    38 6    38     5     1    15   398   761  -2.408  -0.496  -5.920  -4.087  -5.193          0.000  0.000  0.000  0.000 
                                             [ MATP   10 ]     20    216 a u - -
    MP    39    38 6    43     6     2    20   397   760 -10.018  -9.957  -0.011  -8.733  -9.013  -9.408 -1.926 -2.141 -0.416  1.845 -2.116 -1.730  1.488 -0.809 -2.192  0.911 -2.023 -0.714  1.412 -1.643 -0.187 -1.160 
    ML    40    38 6    43     6     1    13   394   758  -6.250  -6.596  -1.310  -1.005  -6.446  -3.975  0.368 -0.385 -0.191  0.094 
    MR    41    38 6    43     6     1    15   395   758 -10.165  -8.894  -0.913  -8.872  -1.132  -7.085  0.226 -1.288  1.040 -1.454 
     D    42    38 6    43     6     0    10   391   755 -11.263  -9.961  -2.015  -6.440  -6.457  -0.458 
    IL    43    43 5    43     6     1    14   396   759  -2.579  -2.842  -0.760  -4.497  -5.274  -4.934  0.000  0.000  0.000  0.000 
    IR    44    44 6    44     5     1    15   396   759  -2.408  -0.496  -5.920  -4.087  -5.193          0.000  0.000  0.000  0.000 
                                             [ MATP   11 ]     21    215 a u - -
    MP    45    44 6    49     6     2    19   395   758 -10.328 -10.267  -0.009  -9.043  -9.323  -9.718  0.647 -1.800 -0.113  1.723 -1.676 -3.176  0.903 -2.677 -1.601  1.336 -2.966 -0.623  1.301 -2.465 -0.209 -1.596 
    ML    46    44 6    49     6     1    13   393   756  -6.250  -6.596  -1.310  -1.005  -6.446  -3.975  0.368 -0.385 -0.191  0.094 
    MR    47    44 6    49     6     1    14   394   757  -9.178  -7.907  -3.816  -7.885  -0.145  -6.099  1.825 -3.005 -2.575 -2.612 
     D    48    44 6    49     6     0     9   390   753 -10.887  -9.586  -2.308  -6.065  -6.082  -0.384 
    IL    49    49 5    49     6     1    14   394   757  -2.579  -2.842  -0.760  -4.497  -5.274  -4.934  0.000  0.000  0.000  0.000 
    IR    50    50 6    50     5     1    14   394   757  -2.408  -0.496  -5.920  -4.087  -5.193          0.000  0.000  0.000  0.000 
                                             [ MATP   12 ]     22    214 c g - -
    MP    51    50 6    55     6     2    17   393   756 -10.351 -10.290  -0.018  -9.067  -9.346  -7.114 -1.193 -1.420 -1.171  1.354 -1.233 -3.179  1.665 -2.271  0.458  0.683 -0.421 -0.483  1.354 -2.468 -0.592 -1.213 
    ML    52    50 6    55     6     1    13   391   754  -6.250  -6.596  -1.310  -1.005  -6.446  -3.975  0.368 -0.385 -0.191  0.094 
    MR    53    50 6    55     6     1    13   393   756  -9.178  -7.907  -3.816  -7.885  -0.145  -6.099 -2.080 -1.975 -2.837  1.752 
     D    54    50 6    55     6     0     9   389   752 -10.605  -9.303  -2.467  -5.782  -5.799  -0.357 
    IL    55    55 5    55     6     1    14   392   755  -2.579  -2.842  -0.760  -4.497  -5.274  -4.934  0.000  0.000  0.000  0.000 
    IR    56    56 6    56     5     1    14   392   755  -2.408  -0.496  -5.920  -4.087  -5.193          0.000  0.000  0.000  0.000 
                                             [ MATP   13 ]     23    213 u a - -
    MP    57    56 6    61     6     2    16   391   754 -10.358 -10.297  -0.009  -9.074  -9.354  -9.749 -2.349 -2.100 -2.537  1.467 -2.191 -3.384  1.061 -2.870 -2.606  1.731 -3.173 -0.919  1.800 -0.531  0.526 -1.486 
    ML    58    56 6    61     6     1    12   389   752  -6.250  -6.596  -1.310  -1.005  -6.446  -3.975  0.368 -0.385 -0.191  0.094 
    MR    59    56 6    61     6     1    12   392   755  -9.178  -7.907  -3.816  -7.885  -0.145  -6.099  1.825 -3.005 -2.575 -2.612 
     D    60    56 6    61     6     0     8   388   752 -10.501  -9.199  -2.655  -5.679  -5.696  -0.322 
    IL    61    61 5    61     6     1    13   390   753  -2.579  -2.842  -0.760  -4.497  -5.274  -4.934  0.000  0.000  0.000  0.000 
    IR    62    62 6    62     5     1    13   390   753  -2.408  -0.496  -5.920  -4.087  -5.193          0.000  0.000  0.000  0.000 
                                             [ MATP   14 ]     24    212 u a - -
    MP    63    62 6    67     6     2    15   389   752 -10.370 -10.310  -0.039  -9.086  -9.366  -5.525 -1.708 -2.360 -2.343  0.829 -2.336 -3.195  1.112 -1.760 -1.725  0.964 -1.823  0.581  1.753 -1.679  0.077  0.993 
    ML    64    62 6    67     6     1    11   386   750  -6.250  -6.596  -1.310  -1.005  -6.446  -3.975  0.368 -0.385 -0.191  0.094 
    MR    65    62 6    67     6     1    11   391   754  -9.178  -7.907  -3.816  -7.885  -0.145  -6.099  1.825 -3.005 -2.575 -2.612 
     D    66    62 6    67     6     0     8   388   751 -10.304  -9.003  -4.800  -5.482  -5.499  -0.125 
    IL    67    67 5    67     6     1    13   388   752  -2.579  -2.842  -0.760  -4.497  -5.274  -4.934  0.000  0.000  0.000  0.000 
    IR    68    68 6    68     5     1    13   388   752  -2.408  -0.496  -5.920  -4.087  -5.193          0.000  0.000  0.000  0.000 
                                             [ MATP   15 ]     25    211 c g - -
    MP    69    68 6    73     4     2    14   387   750  -1.971  -3.985  -0.563  -7.752                 -3.960 -3.869 -2.571  0.028 -1.566 -4.892  2.305 -3.950 -4.027  2.228 -4.560 -1.822  1.747 -4.208 -0.531 -2.944 
    ML    70    68 6    73     4     1     9   384   747  -3.758  -3.940  -0.507  -2.670                  0.368 -0.385 -0.191  0.094 
    MR    71    68 6    73     4     1    10   390   753  -0.460  -3.350  -4.058  -3.119                  0.966 -1.080 -0.027 -0.755 
     D    72    68 6    73     4     0     8   388   752  -0.538  -5.871  -3.887  -2.142                 
    IL    73    73 5    73     4     1    14   391   754  -0.355  -2.295  -6.228 -10.431                  0.000  0.000  0.000  0.000 
    IR    74    74 6    74     3     1    13   386   749  -0.397  -2.110  -6.763                          0.000  0.000  0.000  0.000 
                                             [ MATL   16 ]     41      - c - - -
    ML    75    74 6    77     3     1    12   382   745 -10.365  -0.004  -9.019                         -0.220  0.637 -2.239  0.459 
     D    76    74 6    77     3     0     6   380   743  -6.944  -0.747  -1.336                         
    IL    77    77 3    77     3     1     9   382   745  -1.442  -0.798  -4.142                          0.000  0.000  0.000  0.000 
                                             [ MATL   17 ]     42      - A - - -
    ML    78    77 3    80     3     1    11   381   744 -10.386  -0.004  -9.040                          1.669 -2.576 -2.344 -1.136 
     D    79    77 3    80     3     0     5   378   741  -6.174  -1.687  -0.566                         
    IL    80    80 3    80     3     1     9   381   744  -1.442  -0.798  -4.142                          0.000  0.000  0.000  0.000 
                                             [ MATL   18 ]     43      - C - - -
    ML    81    80 3    83     3     1    11   380   743 -10.386  -0.004  -9.040                         -1.565  1.459 -2.822 -0.376 
     D    82    80 3    83     3     0     5   377   740  -6.174  -1.687  -0.566                         
    IL    83    83 3    83     3     1     8   380   743  -1.442  -0.798  -4.142                          0.000  0.000  0.000  0.000 
                                             [ MATL   19 ]     44      - A - - -
    ML    84    83 3    86     3     1    10   379   742 -10.386  -0.004  -9.040                          1.957 -5.603 -3.793 -5.366 
     D    85    83 3    86     3     0     4   376   739  -6.174  -1.687  -0.566                         
    IL    86    86 3    86     3     1     7   379   742  -1.442  -0.798  -4.142                          0.000  0.000  0.000  0.000 
                                             [ MATL   20 ]     45      - G - - -
    ML    87    86 3    89     3     1     9   378   741 -10.386  -0.004  -9.040                         -5.110 -6.774  1.980 -5.852 
     D    88    86 3    89     3     0     4   375   739  -6.174  -1.687  -0.566                         
    IL    89    89 3    89     3     1     7   378   741  -1.442  -0.798  -4.142                          0.000  0.000  0.000  0.000 
                                             [ MATL   21 ]     46      - A - - -
    ML    90    89 3    92     3     1     8   377   740 -10.386  -0.004  -9.040                          1.171 -1.938 -0.431 -0.424 
     D    91    89 3    92     3     0     4   374   738  -6.174  -1.687  -0.566                         
    IL    92    92 3    92     3     1     6   377   740  -1.442  -0.798  -4.142                          0.000  0.000  0.000  0.000 
                                             [ MATL   22 ]     47      - G - - -
    ML    93    92 3    95     3     1     7   376   739  -2.354  -0.317  -9.040                          0.869 -4.634  1.059 -4.338 
     D    94    92 3    95     3     0     3   374   737  -6.174  -1.687  -0.566                         
    IL    95    95 3    95     3     1     7   376   739  -3.217  -0.191  -5.918                          0.000  0.000  0.000  0.000 
                                             [ MATL   23 ]     49      - A - - -
    ML    96    95 3    98     5     1     6   375   738  -9.357  -0.822  -6.049  -1.307  -6.220          1.983 -6.362 -5.744 -5.950 
     D    97    95 3    98     5     0     3   373   737  -4.959  -0.803  -4.221  -2.596  -2.508         
    IL    98    98 3    98     5     1     5   376   739  -2.408  -0.496  -4.087  -5.920  -5.193          0.000  0.000  0.000  0.000 
                                             [ MATP   24 ]     50    199 g c - -
    MP    99    98 3   103     6     2     8   375   738  -9.972  -9.911  -0.037  -8.688  -5.702  -9.363 -4.112 -1.493 -3.995  1.013 -4.904 -4.604  0.373 -4.614 -1.859  2.912 -4.637  1.600 -0.309 -3.880 -2.176 -2.980 
    ML   100    98 3   103     6     1     5   373   736  -6.738  -7.084  -1.798  -0.639  -6.934  -4.463 -0.119 -0.461 -0.732  0.808 
    MR   101    98 3   103     6     1     6   371   735 -10.514  -9.243  -2.580  -9.221  -0.281  -7.435 -2.887 -3.977  1.825 -1.951 
     D   102    98 3   103     6     0     1   368   731  -9.617  -8.315  -4.112  -4.795  -4.812  -0.207 
    IL   103   103 5   103     6     1     5   374   737  -2.579  -2.842  -0.760  -4.497  -5.274  -4.934  0.000  0.000  0.000  0.000 
    IR   104   104 6   104     5     1     5   374   737  -2.408  -0.496  -5.920  -4.087  -5.193          0.000  0.000  0.000  0.000 
                                             [ MATP   25 ]     51    198 c g - -
    MP   105   104 6   109     6     2     7   373   736 -10.055  -9.994  -0.031  -8.771  -9.050  -6.050 -3.769 -3.453 -3.831  0.590 -3.362 -4.633  2.288 -3.833 -3.865  2.179 -4.366 -0.286  1.454 -3.936 -0.715 -1.786 
    ML   106   104 6   109     6     1     5   371   734  -6.738  -7.084  -1.798  -0.639  -6.934  -4.463  0.984 -0.850 -0.592 -0.314 
    MR   107   104 6   109     6     1     5   370   733 -10.350  -9.079  -4.987  -9.057  -0.063  -7.270  1.757 -3.368 -1.297 -3.118 
     D   108   104 6   109     6     0     1   367   730  -9.617  -8.315  -4.112  -4.795  -4.812  -0.207 
    IL   109   109 5   109     6     1     5   372   736  -2.579  -2.842  -0.760  -4.497  -5.274  -4.934  0.000  0.000  0.000  0.000 
    IR   110   110 6   110     5     1     5   372   735  -2.408  -0.496  -5.920  -4.087  -5.193          0.000  0.000  0.000  0.000 
                                             [ MATP   26 ]     52    197 u a - -
    MP   111   110 6   115     6     2     7   371   735 -10.035  -9.974  -0.011  -8.751  -9.031  -9.426 -3.803 -3.697 -3.890  1.150 -3.186 -4.731  1.696 -3.743 -3.848  0.592 -4.381  0.002  2.719 -4.049 -0.550 -2.746 
    ML   112   110 6   115     6     1     4   370   733  -6.738  -7.084  -0.800  -1.492  -6.934  -4.463 -0.119 -0.461 -0.732  0.808 
    MR   113   110 6   115     6     1     4   369   732 -10.350  -9.079  -4.987  -9.057  -0.063  -7.270  1.950 -4.759 -4.216 -4.477 
     D   114   110 6   115     6     0     1   366   730  -9.997  -8.695  -4.492  -5.174  -5.191  -0.157 
    IL   115   115 5   115     6     1     5   370   734  -2.579  -2.842  -0.760  -4.497  -5.274  -4.934  0.000  0.000  0.000  0.000 
    IR   116   116 6   116     5     1     5   370   734  -2.408  -0.496  -5.920  -4.087  -5.193          0.000  0.000  0.000  0.000 
                                             [ MATP   27 ]     53    196 g c - -
    MP   117   116 6   121     6     2     5   369   733 -10.058  -9.997  -0.011  -8.773  -9.053  -9.448 -4.084 -2.994 -3.991  2.348 -4.685 -4.651  0.058 -4.546 -4.319  2.603 -4.650  0.101  0.713 -3.914 -2.083 -1.661 
    ML   118   116 6   121     6     1     3   368   731  -6.250  -6.596  -1.310  -1.005  -6.446  -3.975  0.368 -0.385 -0.191  0.094 
    MR   119   116 6   121     6     1     3   368   731 -10.350  -9.079  -4.987  -9.057  -0.063  -7.270 -2.976  1.708 -3.875 -0.898 
     D   120   116 6   121     6     0     1   366   729  -9.997  -8.695  -4.492  -5.174  -0.975  -1.267 
    IL   121   121 5   121     6     1     4   369   732  -2.579  -2.842  -0.760  -4.497  -5.274  -4.934  0.000  0.000  0.000  0.000 
    IR   122   122 6   122     5     1     4   368   732  -2.408  -0.496  -5.920  -4.087  -5.193          0.000  0.000  0.000  0.000 
                                             [ MATP   28 ]     54    195 g c - -
    MP   123   122 6   127     4     2     3   367   731  -8.732  -8.939  -0.015  -7.353                 -4.365 -3.076 -4.210  2.052 -5.094 -4.831  0.175 -4.807 -4.587  2.989 -4.866 -0.718  0.488 -4.097 -2.284 -3.164 
    ML   124   122 6   127     4     1     2   367   730  -3.758  -3.940  -0.507  -2.670                  0.368 -0.385 -0.191  0.094 
    MR   125   122 6   127     4     1     2   367   730  -8.445  -7.474  -5.341  -0.049                 -1.276 -3.863  1.774 -3.352 
     D   126   122 6   127     4     0     1   366   729  -4.568  -4.250  -2.265  -0.520                 
    IL   127   127 5   127     4     1     2   367   730  -1.686  -2.369  -1.117  -4.855                  0.000  0.000  0.000  0.000 
    IR   128   128 6   128     3     1     2   367   730  -1.442  -0.798  -4.142                          0.000  0.000  0.000  0.000 
                                             [ MATL   29 ]     55      - g - - -
    ML   129   128 6   131     3     1     1   365   729  -1.591  -2.776  -0.938                         -0.798 -0.333  0.651  0.086 
     D   130   128 6   131     3     0     1   366   729  -1.730  -0.785  -3.083                         
    IL   131   131 3   131     3     1     5   370   734  -0.271  -2.563  -8.913                          0.000  0.000  0.000  0.000 
                                             [ MATL   30 ]     69      - G - - -
    ML   132   131 3   134     3     1     4   364   727  -9.761  -0.006  -8.415                         -0.989 -3.590  1.706 -2.738 
     D   133   131 3   134     3     0     0   359   723 -10.376  -3.179  -0.170                         
    IL   134   134 3   134     3     1     2   364   727  -1.442  -0.798  -4.142                          0.000  0.000  0.000  0.000 
                                             [ MATL   31 ]     70      - A - - -
    ML   135   134 3   137     3     1     4   363   726  -9.836  -0.006  -8.490                          1.178 -0.506 -1.680 -0.471 
     D   136   134 3   137     3     0     0   359   722 -10.234  -5.747  -0.028                         
    IL   137   137 3   137     3     1     2   363   726  -1.442  -0.798  -4.142                          0.000  0.000  0.000  0.000 
                                             [ MATL   32 ]     71      - A - - -
    ML   138   137 3   140     3     1     3   362   725  -9.836  -0.030  -5.686                          1.749 -2.753 -1.552 -2.742 
     D   139   137 3   140     3     0     0   359   722 -10.234  -5.747  -0.028                         
    IL   140   140 3   140     3     1     2   362   725  -1.442  -0.798  -4.142                          0.000  0.000  0.000  0.000 
                                             [ MATL   33 ]     72      - a - - -
    ML   141   140 3   143     3     1     4   361   724  -9.812  -0.006  -8.466                          0.661 -1.240  0.478 -0.730 
     D   142   140 3   143     3     0     0   359   722 -10.282  -5.795  -0.027                         
    IL   143   143 3   143     3     1     2   361   725  -1.442  -0.798  -4.142                          0.000  0.000  0.000  0.000 
                                             [ MATL   34 ]     73      - a - - -
    ML   144   143 3   146     3     1     3   360   723  -9.812  -0.006  -8.466                          0.716  0.534 -2.328 -0.494 
     D   145   143 3   146     3     0     0   359   722 -10.282  -2.965  -0.199                         
    IL   146   146 3   146     3     1     2   360   724  -1.442  -0.798  -4.142                          0.000  0.000  0.000  0.000 
                                             [ MATL   35 ]     74      - C - - -
    ML   147   146 3   149     3     1     2   359   722  -9.892  -0.005  -8.546                         -2.465  1.485 -2.110 -0.345 
     D   148   146 3   149     3     0     0   359   722 -10.114  -5.627  -0.031                         
    IL   149   149 3   149     3     1     2   359   723  -1.442  -0.798  -4.142                          0.000  0.000  0.000  0.000 
                                             [ MATL   36 ]     75      - c - - -
    ML   150   149 3   152     3     1     1   358   721 -10.211  -0.797  -1.239                         -0.781  0.840 -0.309 -0.284 
     D   151   149 3   152     3     0     0   359   722  -8.903  -0.281  -2.516                         
    IL   152   152 3   152     3     1     1   361   724  -1.925  -0.554  -4.164                          0.000  0.000  0.000  0.000 
                                             [ MATR   37 ]      -    194 - A - -
    MR   153   152 3   155     3     1     1   360   723 -10.089  -0.597  -1.566                          1.525 -1.975 -0.784 -1.805 
     D   154   152 3   155     3     0     0   351   715 -10.348  -1.356  -0.716                         
    IR   155   155 3   155     3     1     1   366   729  -1.925  -0.554  -4.164                          0.000  0.000  0.000  0.000 
                                             [ MATR   38 ]      -    193 - a - -
    MR   156   155 3   158     3     1     3   366   729  -9.891  -0.006  -8.209                          0.739 -1.677  0.736 -1.504 
     D   157   155 3   158     3     0     0   329   692 -10.645  -5.823  -0.027                         
    IR   158   158 3   158     3     1     1   365   728  -1.925  -0.554  -4.164                          0.000  0.000  0.000  0.000 
                                             [ MATR   39 ]      -    192 - g - -
    MR   159   158 3   161     3     1     3   365   728  -9.891  -0.006  -8.209                         -0.076 -1.595  0.956 -0.357 
     D   160   158 3   161     3     0     0   327   690 -10.645  -5.823  -0.027                         
    IR   161   161 3   161     3     1     1   364   727  -1.925  -0.554  -4.164                          0.000  0.000  0.000  0.000 
                                             [ MATR   40 ]      -    191 - c - -
    MR   162   161 3   164     3     1     3   364   727  -9.891  -0.006  -8.209                          0.047  0.532 -0.874 -0.037 
     D   163   161 3   164     3     0     0   325   688 -10.645  -5.823  -0.027                         
    IR   164   164 3   164     3     1     1   363   726  -1.925  -0.554  -4.164                          0.000  0.000  0.000  0.000 
                                             [ MATR   41 ]      -    190 - c - -
    MR   165   164 3   167     3     1     3   363   726  -9.891  -0.006  -8.209                         -0.412  0.916 -1.634  0.055 
     D   166   164 3   167     3     0     0   323   686 -10.645  -5.823  -0.027                         
    IR   167   167 3   167     3     1     1   362   725  -1.925  -0.554  -4.164                          0.000  0.000  0.000  0.000 
                                             [ MATR   42 ]      -    189 - C - -
    MR   168   167 3   170     3     1     3   362   725  -9.891  -0.006  -8.209                         -1.133  1.244 -2.863  0.055 
     D   169   167 3   170     3     0     0   320   684 -10.645  -5.823  -0.027                         
    IR   170   170 3   170     3     1     1   361   724  -1.925  -0.554  -4.164                          0.000  0.000  0.000  0.000 
                                             [ MATR   43 ]      -    188 - A - -
    MR   171   170 3   173     3     1     3   361   724  -9.891  -0.006  -8.209                          1.153 -0.392 -0.585 -1.526 
     D   172   170 3   173     3     0     0   318   681 -10.645  -5.823  -0.027                         
    IR   173   173 3   173     3     1     1   360   723  -1.925  -0.554  -4.164                          0.000  0.000  0.000  0.000 
                                             [ MATR   44 ]      -    187 - C - -
    MR   174   173 3   176     3     1     2   360   723  -9.891  -0.006  -8.209                         -0.077  1.052 -2.465 -0.326 
     D   175   173 3   176     3     0     0   315   678 -10.645  -5.823  -0.027                         
    IR   176   176 3   176     3     1     1   359   722  -1.925  -0.554  -4.164                          0.000  0.000  0.000  0.000 
                                             [ MATR   45 ]      -    186 - C - -
    MR   177   176 3   179     3     1     2   359   722  -9.891  -0.006  -8.209                         -0.386  1.280 -1.666 -1.025 
     D   178   176 3   179     3     0     0   312   675 -10.645  -5.823  -0.027                         
    IR   179   179 3   179     3     1     1   358   721  -1.925  -0.554  -4.164                          0.000  0.000  0.000  0.000 
                                             [ MATR   46 ]      -    185 - C - -
    MR   180   179 3   182     3     1     2   358   721  -9.891  -0.006  -8.209                         -0.247  1.158 -1.254 -0.983 
     D   181   179 3   182     3     0     0   308   671 -10.645  -5.823  -0.027                         
    IR   182   182 3   182     3     1     1   357   720  -1.925  -0.554  -4.164                          0.000  0.000  0.000  0.000 
                                             [ MATR   47 ]      -    184 - c - -
    MR   183   182 3   185     3     1     2   357   720  -9.891  -0.006  -8.209                          0.061  0.833 -1.007 -0.560 
     D   184   182 3   185     3     0     0   303   666 -10.645  -5.823  -0.027                         
    IR   185   185 3   185     3     1     1   356   719  -1.925  -0.554  -4.164                          0.000  0.000  0.000  0.000 
                                             [ MATR   48 ]      -    183 - a - -
    MR   186   185 3   188     3     1     2   356   719  -9.891  -0.006  -8.209                          0.968 -0.424 -0.120 -1.403 
     D   187   185 3   188     3     0     0   297   660 -10.645  -5.823  -0.027                         
    IR   188   188 3   188     3     1     1   355   718  -1.925  -0.554  -4.164                          0.000  0.000  0.000  0.000 
                                             [ MATR   49 ]      -    182 - A - -
    MR   189   188 3   191     3     1     2   355   718  -9.891  -0.006  -8.209                          1.205 -0.702 -1.171 -0.652 
     D   190   188 3   191     3     0     0   289   652 -10.645  -5.823  -0.027                         
    IR   191   191 3   191     3     1     1   354   717  -1.925  -0.554  -4.164                          0.000  0.000  0.000  0.000 
                                             [ MATR   50 ]      -    181 - A - -
    MR   192   191 3   194     3     1     1   354   718  -9.891  -0.045  -5.067                          1.078 -0.581 -0.201 -1.511 
     D   193   191 3   194     3     0     0   276   639 -10.645  -5.823  -0.027                         
    IR   194   194 3   194     3     1     1   354   717  -1.925  -0.554  -4.164                          0.000  0.000  0.000  0.000 
                                             [ MATR   51 ]      -    180 - u - -
    MR   195   194 3   197     3     1     3   354   717  -0.340  -2.276  -8.170                          0.032 -0.013 -0.685  0.448 
     D   196   194 3   197     3     0     0   211   575 -10.692  -4.337  -0.074                         
    IR   197   197 3   197     3     1     4   358   721  -0.073  -4.348 -11.504                          0.000  0.000  0.000  0.000 
                                             [ MATR   52 ]      -    146 - C - -
    MR   198   197 3   200     3     1     2   150   286  -9.891  -0.006  -8.209                         -0.935  1.676 -3.825 -2.248 
     D   199   197 3   200     3     0     0   139   275 -10.645  -5.823  -0.027                         
    IR   200   200 3   200     3     1     1   150   286  -1.925  -0.554  -4.164                          0.000  0.000  0.000  0.000 
                                             [ MATR   53 ]      -    145 - G - -
    MR   201   200 3   203     3     1     2   149   285  -9.891  -0.006  -8.209                         -0.796 -1.948  1.391 -0.883 
     D   202   200 3   203     3     0     0   139   275 -10.645  -5.823  -0.027                         
    IR   203   203 3   203     3     1     1   149   285  -1.925  -0.554  -4.164                          0.000  0.000  0.000  0.000 
                                             [ MATR   54 ]      -    144 - A - -
    MR   204   203 3   206     3     1     2   149   284  -9.891  -0.006  -8.209                          1.255 -0.249 -2.270 -0.826 
     D   205   203 3   206     3     0     0   139   274 -10.645  -5.823  -0.027                         
    IR   206   206 3   206     3     1     1   149   284  -1.925  -0.554  -4.164                          0.000  0.000  0.000  0.000 
                                             [ MATR   55 ]      -    143 - G - -
    MR   207   206 3   209     3     1     2   148   283  -9.891  -0.006  -8.209                         -1.992  0.082  1.312 -2.271 
     D   208   206 3   209     3     0     0   138   274 -10.645  -5.823  -0.027                         
    IR   209   209 3   209     3     1     1   148   283  -1.925  -0.554  -4.164                          0.000  0.000  0.000  0.000 
                                             [ MATR   56 ]      -    142 - A - -
    MR   210   209 3   212     3     1     2   147   282  -9.891  -0.006  -8.209                          1.294  0.202 -2.708 -2.032 
     D   211   209 3   212     3     0     0   138   274 -10.645  -5.823  -0.027                         
    IR   212   212 3   212     3     1     1   147   282  -1.925  -0.554  -4.164                          0.000  0.000  0.000  0.000 
                                             [ MATR   57 ]      -    141 - A - -
    MR   213   212 3   215     3     1     2   146   281  -9.891  -0.006  -8.209                          1.294  0.202 -2.708 -2.032 
     D   214   212 3   215     3     0     0   138   273 -10.645  -5.823  -0.027                         
    IR   215   215 3   215     3     1     1   146   281  -1.925  -0.554  -4.164                          0.000  0.000  0.000  0.000 
                                             [ MATR   58 ]      -    140 - U - -
    MR   216   215 3   218     3     1     2   145   280  -9.891  -0.006  -8.209                          0.227 -1.301 -2.093  1.130 
     D   217   215 3   218     3     0     0   137   273 -10.645  -5.823  -0.027                         
    IR   218   218 3   218     3     1     1   145   280  -1.925  -0.554  -4.164                          0.000  0.000  0.000  0.000 
                                             [ MATR   59 ]      -    139 - G - -
    MR   219   218 3   221     3     1     2   144   279  -9.891  -0.006  -8.209                          0.514 -3.418  1.234 -2.985 
     D   220   218 3   221     3     0     0   137   273 -10.645  -5.823  -0.027                         
    IR   221   221 3   221     3     1     1   144   279  -1.925  -0.554  -4.164                          0.000  0.000  0.000  0.000 
                                             [ MATR   60 ]      -    138 - g - -
    MR   222   221 3   224     3     1     2   143   278  -9.891  -0.006  -8.209                          0.423 -2.114  0.835 -0.632 
     D   223   221 3   224     3     0     0   137   273 -10.645  -5.823  -0.027                         
    IR   224   224 3   224     3     1     1   143   278  -1.925  -0.554  -4.164                          0.000  0.000  0.000  0.000 
                                             [ MATR   61 ]      -    137 - u - -
    MR   225   224 3   227     3     1     2   142   277  -9.891  -0.006  -8.209                          0.079 -0.486 -0.087  0.365 
     D   226   224 3   227     3     0     0   137   273 -10.645  -5.823  -0.027                         
    IR   227   227 3   227     3     1     1   142   277  -1.925  -0.554  -4.164                          0.000  0.000  0.000  0.000 
                                             [ MATR   62 ]      -    136 - G - -
    MR   228   227 3   230     3     1     2   141   276  -9.891  -0.006  -8.209                         -1.783 -3.638  1.785 -2.443 
     D   229   227 3   230     3     0     0   137   273 -10.645  -5.823  -0.027                         
    IR   230   230 3   230     3     1     1   141   277  -1.925  -0.554  -4.164                          0.000  0.000  0.000  0.000 
                                             [ MATR   63 ]      -    135 - u - -
    MR   231   230 3   233     3     1     2   140   275  -9.891  -0.006  -8.209                         -1.148 -0.687  0.374  0.706 
     D   232   230 3   233     3     0     0   137   272 -10.645  -5.823  -0.027                         
    IR   233   233 3   233     3     1     1   140   276  -1.925  -0.554  -4.164                          0.000  0.000  0.000  0.000 
                                             [ MATR   64 ]      -    134 - G - -
    MR   234   233 3   236     3     1     2   139   274  -9.891  -0.006  -8.209                         -0.419 -0.841  1.282 -1.929 
     D   235   233 3   236     3     0     0   137   272 -10.645  -0.828  -1.197                         
    IR   236   236 3   236     3     1     1   139   275  -1.925  -0.554  -4.164                          0.000  0.000  0.000  0.000 
                                             [ MATR   65 ]      -    133 - G - -
    MR   237   236 3   239     3     1     2   138   273 -10.408  -0.004  -8.726                         -0.121 -1.671  1.328 -1.965 
     D   238   236 3   239     3     0     0   136   271  -9.507  -4.685  -0.059                         
    IR   239   239 3   239     3     1     1   138   274  -1.925  -0.554  -4.164                          0.000  0.000  0.000  0.000 
                                             [ MATR   66 ]      -    132 - c - -
    MR   240   239 3   242     3     1     1   137   272 -10.408  -0.004  -8.726                         -0.355  0.421 -0.259  0.062 
     D   241   239 3   242     3     0     0   135   271  -9.507  -0.115  -3.737                         
    IR   242   242 3   242     3     1     1   137   273  -1.925  -0.554  -4.164                          0.000  0.000  0.000  0.000 
                                             [ MATR   67 ]      -    131 - A - -
    MR   243   242 3   245     3     1     1   136   271 -10.697  -0.004  -9.015                          1.983 -6.362 -5.744 -5.950 
     D   244   242 3   245     3     0     0   133   269  -6.390  -1.568  -0.620                         
    IR   245   245 3   245     3     1     1   136   272  -1.925  -0.554  -4.164                          0.000  0.000  0.000  0.000 
                                             [ MATR   68 ]      -    130 - A - -
    MR   246   245 3   248     3     1     1   135   270 -10.697  -0.004  -9.015                          1.429 -4.788  0.299 -4.619 
     D   247   245 3   248     3     0     0   132   267  -6.390  -1.568  -0.620                         
    IR   248   248 3   248     3     1     1   135   271  -1.925  -0.554  -4.164                          0.000  0.000  0.000  0.000 
                                             [ MATR   69 ]      -    129 - g - -
    MR   249   248 3   251     3     1     1   134   269 -10.697  -0.004  -9.015                          0.442 -1.809  0.940 -1.190 
     D   250   248 3   251     3     0     0   130   266  -6.390  -1.568  -0.620                         
    IR   251   251 3   251     3     1     1   134   269  -1.925  -0.554  -4.164                          0.000  0.000  0.000  0.000 
                                             [ MATR   70 ]      -    128 - G - -
    MR   252   251 3   254     3     1     1   133   268 -10.697  -0.004  -9.015                         -4.936 -6.477  1.968 -4.519 
     D   253   251 3   254     3     0     0   129   264  -6.390  -1.568  -0.620                         
    IR   254   254 3   254     3     1     1   133   268  -1.925  -0.554  -4.164                          0.000  0.000  0.000  0.000 
                                             [ MATR   71 ]      -    127 - U - -
    MR   255   254 3   257     3     1     1   132   267 -10.697  -0.004  -9.015                         -5.533 -5.044 -6.379  1.977 
     D   256   254 3   257     3     0     0   127   262  -6.390  -1.568  -0.620                         
    IR   257   257 3   257     3     1     1   132   267  -1.925  -0.554  -4.164                          0.000  0.000  0.000  0.000 
                                             [ MATR   72 ]      -    126 - G - -
    MR   258   257 3   260     3     1     1   131   266 -10.697  -0.011  -7.153                         -1.817 -1.293  1.653 -2.620 
     D   259   257 3   260     3     0     0   123   258  -6.390  -1.568  -0.620                         
    IR   260   260 3   260     3     1     1   131   266  -1.925  -0.554  -4.164                          0.000  0.000  0.000  0.000 
                                             [ MATR   73 ]      -    125 - G - -
    MR   261   260 3   263     3     1     1   130   265  -2.747  -1.036  -1.460                         -2.268 -5.723  1.904 -5.070 
     D   262   260 3   263     3     0     0   111   244  -6.671  -1.849  -0.489                         
    IR   263   263 3   263     3     1     1   143   278  -0.196  -3.003  -8.811                          0.000  0.000  0.000  0.000 
                                             [ MATR   74 ]      -    114 - G - -
    MR   264   263 3   266     3     1     1   108   218 -10.043  -0.006  -8.360                         -1.643 -3.956  1.804 -3.026 
     D   265   263 3   266     3     0     0    98   208 -10.427  -3.752  -0.112                         
    IR   266   266 3   266     3     1     1   108   218  -1.925  -0.554  -4.164                          0.000  0.000  0.000  0.000 
                                             [ MATR   75 ]      -    113 - A - -
    MR   267   266 3   269     3     1     1   107   217 -10.089  -0.006  -8.407                          1.419 -1.542 -0.344 -2.367 
     D   268   266 3   269     3     0     0    95   206 -10.347  -4.418  -0.070                         
    IR   269   269 3   269     3     1     1   107   217  -1.925  -0.554  -4.164                          0.000  0.000  0.000  0.000 
                                             [ MATR   76 ]      -    112 - A - -
    MR   270   269 3   272     5     1     1   106   216  -8.779  -0.063  -8.595  -8.807  -4.804          1.056 -0.318 -1.022 -0.675 
     D   271   269 3   272     5     0     0    94   204  -8.510  -3.291  -6.137  -7.568  -0.192         
    IR   272   272 3   272     5     1     1   106   216  -2.408  -0.496  -5.920  -4.087  -5.193          0.000  0.000  0.000  0.000 
                                             [ MATP   77 ]     76    111 g u - -
    MP   273   272 3   277     6     2     2   105   216 -10.122 -10.061  -0.010  -8.837  -9.117  -9.512 -4.357 -3.097 -4.326  1.140 -4.903 -4.880  0.096 -4.726 -4.483  2.182 -4.757  2.576  0.412 -4.241 -1.574 -3.222 
    ML   274   272 3   277     6     1     1   102   213  -6.250  -6.596  -1.310  -1.005  -6.446  -3.975  0.368 -0.385 -0.191  0.094 
    MR   275   272 3   277     6     1     1   101   212  -6.988  -5.717  -1.625  -5.695  -0.829  -3.908  0.368 -0.385 -0.191  0.094 
     D   276   272 3   277     6     0     0    86   197 -12.861 -11.559  -7.356  -8.039  -8.056  -0.021 
    IL   277   277 5   277     6     1     1   104   214  -2.579  -2.842  -0.760  -4.497  -5.274  -4.934  0.000  0.000  0.000  0.000 
    IR   278   278 6   278     5     1     1   104   214  -2.408  -0.496  -5.920  -4.087  -5.193          0.000  0.000  0.000  0.000 
                                             [ MATP   78 ]     77    110 c g - -
    MP   279   278 6   283     6     2     2   103   214 -10.122 -10.061  -0.010  -8.837  -9.117  -9.512 -2.256 -3.713 -3.921  1.219 -3.263 -4.767  2.968 -3.803 -3.886  0.708 -4.420 -0.217  0.958 -4.079 -0.919 -2.795 
    ML   280   278 6   283     6     1     1   100   210  -6.250  -6.596  -1.310  -1.005  -6.446  -3.975  0.368 -0.385 -0.191  0.094 
    MR   281   278 6   283     6     1     1    99   209  -6.988  -5.717  -1.625  -5.695  -0.829  -3.908  0.368 -0.385 -0.191  0.094 
     D   282   278 6   283     6     0     0    85   196 -12.861 -11.559  -7.356  -8.039  -8.056  -0.021 
    IL   283   283 5   283     6     1     1   102   212  -2.579  -2.842  -0.760  -4.497  -5.274  -4.934  0.000  0.000  0.000  0.000 
    IR   284   284 6   284     5     1     1   102   212  -2.408  -0.496  -5.920  -4.087  -5.193          0.000  0.000  0.000  0.000 
                                             [ MATP   79 ]     78    109 c g - -
    MP   285   284 6   289     6     2     2   101   212 -10.122 -10.061  -0.024  -8.837  -9.117  -6.594 -3.872 -3.768 -3.959  1.023 -3.244 -4.802  2.743 -3.805 -3.915  1.254 -4.449 -1.203  1.399 -4.117 -0.072 -1.851 
    ML   286   284 6   289     6     1     1    97   207  -6.250  -6.596  -1.310  -1.005  -6.446  -3.975  0.368 -0.385 -0.191  0.094 
    MR   287   284 6   289     6     1     1    95   206  -6.988  -5.717  -1.625  -5.695  -0.829  -3.908  0.368 -0.385 -0.191  0.094 
     D   288   284 6   289     6     0     0    84   195 -12.861 -11.559  -5.176  -8.039  -8.056  -0.052 
    IL   289   289 5   289     6     1     1   100   210  -2.579  -2.842  -0.760  -4.497  -5.274  -4.934  0.000  0.000  0.000  0.000 
    IR   290   290 6   290     5     1     1   100   210  -2.408  -0.496  -5.920  -4.087  -5.193          0.000  0.000  0.000  0.000 
                                             [ MATP   80 ]     79    108 c g - -
    MP   291   290 6   295     4     2     2    99   210  -3.333  -1.275  -1.117  -5.230                 -4.054 -3.916 -4.124  1.164 -3.310 -4.964  2.772 -3.895 -4.059  1.105 -4.588 -1.744  1.510 -4.288 -0.213 -2.100 
    ML   292   290 6   295     4     1     1    90   201  -3.758  -3.940  -0.507  -2.670                  0.368 -0.385 -0.191  0.094 
    MR   293   290 6   295     4     1     1    89   199  -4.809  -3.838  -1.706  -0.766                  0.368 -0.385 -0.191  0.094 
     D   294   290 6   295     4     0     0    82   192  -8.291  -4.798  -0.241  -3.123                 
    IL   295   295 5   295     4     1     1   101   212  -1.852  -0.827  -2.754  -6.491                  0.000  0.000  0.000  0.000 
    IR   296   296 6   296     3     1     1   101   212  -0.241  -2.720  -9.110                          0.000  0.000  0.000  0.000 
                                             [ MATL   81 ]     82      - G - - -
    ML   297   296 6   299     3     1     1    15    33 -10.332  -0.004  -8.986                         -1.393 -2.397  1.590 -1.254 
     D   298   296 6   299     3     0     0    15    33  -7.671  -0.661  -1.463                         
    IL   299   299 3   299     3     1     1    20    38  -1.442  -0.798  -4.142                          0.000  0.000  0.000  0.000 
                                             [ MATL   82 ]     83      - g - - -
    ML   300   299 3   302     3     1     1    13    32 -10.375  -0.015  -6.704                         -0.359 -0.058  0.359 -0.033 
     D   301   299 3   302     3     0     0    14    33  -6.605  -1.033  -0.997                         
    IL   302   302 3   302     3     1     1    19    37  -1.442  -0.798  -4.142                          0.000  0.000  0.000  0.000 
                                             [ MATL   83 ]     84      - u - - -
    ML   303   302 3   305     3     1     1    11    30 -10.375  -0.004  -9.029                         -0.151  0.130 -1.829  0.786 
     D   304   302 3   305     3     0     0    13    31  -6.636  -1.001  -1.028                         
    IL   305   305 3   305     3     1     1    18    36  -1.442  -0.798  -4.142                          0.000  0.000  0.000  0.000 
                                             [ MATL   84 ]     85      - a - - -
    ML   306   305 3   308     2     1     1     1     1       *   0.000                                  0.782 -0.597 -1.250  0.262 
     D   307   305 3   308     2     0     0     0     0       *   0.000                                 
    IL   308   308 3   308     2     1     1    13    28  -1.823  -0.479                                  0.000  0.000  0.000  0.000 
                                             [ END    85 ]      -      - - - - -
     E   309   308 3    -1     0     0     0     0     0                                                 
//
HMMER3/f [i1.1 | October 2013]
NAME  docking_elbow
DESC  Docking elbow of tRNA in the ribosome, RNAse P and T-box leaders
LENG  102
MAXL  442
ALPH  RNA
RF    no
MM    no
CONS  yes
CS    yes
MAP   yes
DATE  Fri May 30 14:18:02 2014
COM   [1] /share/data/bin/cmbuild -F /share/data/people/ppg15/motifs/docking_elbow/CM /share/data/people/ppg15/motifs/docking_elbow/SEED
NSEQ  109
EFFN  59.732452
CKSUM 3801729446
STATS LOCAL MSV       -9.3409  0.71814
STATS LOCAL VITERBI  -10.5450  0.71814
STATS LOCAL FORWARD   -3.3442  0.71814
HMM          A        C        G        U   
            m->m     m->i     m->d     i->m     i->i     d->m     d->d
  COMPO   1.22821  1.53736  1.23359  1.60450
          1.38629  1.38629  1.38629  1.38629
          0.00321  6.43687  6.43687  1.46634  0.26236  0.00000        *
      1   1.93526  1.96596  0.88878  1.18929      1 g - - <
          1.38629  1.38629  1.38629  1.38629
          0.00321  6.43687  6.43687  1.46634  0.26236  1.09861  0.40547
      2   1.59728  1.47820  1.71857  0.94114      2 u - - <
          1.38629  1.38629  1.38629  1.38629
          0.38679  6.43687  1.14205  1.46634  0.26236  1.09861  0.40547
      3   1.11181  3.11304  0.87353  1.56497      3 g - - -
          1.38629  1.38629  1.38629  1.38629
          0.00470  6.05478  6.05478  1.46634  0.26236  5.30480  0.00498
      4   0.38343  2.41156  2.87319  1.75861      4 A - - -
          1.38629  1.38629  1.38629  1.38629
          0.00470  6.05478  6.05478  1.46634  0.26236  5.30480  0.00498
      5   1.10382  1.25693  1.66987  1.63169      5 a - - -
          1.38629  1.38629  1.38629  1.38629
          0.16182  6.05478  1.91694  1.46634  0.26236  5.30480  0.00498
      6   2.13191  0.74092  1.88186  1.37672      6 c - - -
          1.38629  1.38629  1.38629  1.38629
          1.68191  0.35794  2.16400  1.32933  0.30741  5.57203  0.00381
      7   1.36404  1.46631  1.23331  1.50385     17 g - - -
          1.38629  1.38629  1.38629  1.38629
          0.00620  5.77955  5.77955  1.46634  0.26236  1.65081  0.21306
      8   1.47339  1.91528  0.98521  1.38553     18 g - - -
          1.38629  1.38629  1.38629  1.38629
          0.96682  5.94258  0.48275  1.46634  0.26236  0.21267  1.65248
      9   1.78581  0.87428  1.74092  1.42787     19 c - - <
          1.38629  1.38629  1.38629  1.38629
          0.00581  5.84401  5.84401  1.46634  0.26236  3.89307  0.02059
     10   1.00971  1.40094  1.89738  1.42982     20 a - - <
          1.38629  1.38629  1.38629  1.38629
          0.00573  5.85769  5.85769  1.46634  0.26236  0.70790  0.67861
     11   0.73370  2.34592  1.48657  1.61968     21 a - - <
          1.38629  1.38629  1.38629  1.38629
          0.00413  6.18548  6.18548  1.46634  0.26236  2.44267  0.09094
     12   1.40291  1.39956  1.17012  1.62413     22 g - - <
          1.38629  1.38629  1.38629  1.38629
          0.01279  6.20854  4.53806  1.46634  0.26236  2.68101  0.07095
     13   1.58232  2.22137  1.31644  0.87238     23 u - - <
          1.38629  1.38629  1.38629  1.38629
          0.00400  6.21580  6.21580  1.46634  0.26236  2.86834  0.05847
     14   2.20977  2.04603  1.31701  0.70706     24 u - - <
          1.38629  1.38629  1.38629  1.38629
          0.00395  6.22812  6.22812  1.46634  0.26236  0.10251  2.32857
     15   3.07581  1.05429  1.01939  1.40816     25 g - - <
          1.38629  1.38629  1.38629  1.38629
          0.42672  1.10755  4.07529  1.69773  0.20224  0.17055  1.85279
     16   1.57531  0.88415  3.49957  1.05045     41 c - - -
          1.38629  1.38629  1.38629  1.38629
          0.00326  6.42163  6.42163  1.46634  0.26236  0.17524  1.82793
     17   0.19077  3.62816  3.26595  2.21687     42 A - - -
          1.38629  1.38629  1.38629  1.38629
          0.00321  6.43687  6.43687  1.46634  0.26236  1.09861  0.40547
     18   2.66274  0.31630  3.63306  1.74315     43 C - - -
          1.38629  1.38629  1.38629  1.38629
          0.00321  6.43687  6.43687  1.46634  0.26236  1.09861  0.40547
     19   0.01839  6.61442  4.19202  6.33939     44 A - - -
          1.38629  1.38629  1.38629  1.38629
          0.00321  6.43687  6.43687  1.46634  0.26236  1.09861  0.40547
     20   5.96766  7.19187  0.00484  6.49513     45 G - - -
          1.38629  1.38629  1.38629  1.38629
          0.00321  6.43687  6.43687  1.46634  0.26236  1.09861  0.40547
     21   0.50275  3.23748  1.67351  1.78210     46 A - - -
          1.38629  1.38629  1.38629  1.38629
          0.00321  6.43687  6.43687  1.46634  0.26236  1.09861  0.40547
     22   0.78418  6.00824  0.61940  5.88353     47 G - - -
          1.38629  1.38629  1.38629  1.38629
          0.23599  1.56730  6.43687  0.01528  4.18863  1.09861  0.40547
     23   0.00379  7.00758  6.49977  6.59216     49 A - - -
          1.38629  1.38629  1.38629  1.38629
          0.60954  6.43687  0.78790  1.46634  0.26236  1.09861  0.40547
     24   2.09771  2.60541  0.29350  2.85174     50 G - - <
          1.38629  1.38629  1.38629  1.38629
          0.03408  5.83320  3.48737  1.46634  0.26236  1.89983  0.16204
     25   2.48925  1.07032  1.00006  1.57856     51 g - - <
          1.38629  1.38629  1.38629  1.38629
          0.02694  5.92370  3.73355  1.46634  0.26236  5.53598  0.00395
     26   1.91980  1.82724  1.99227  0.58677     52 U - - <
          1.38629  1.38629  1.38629  1.38629
          0.00548  5.90224  5.90224  1.46634  0.26236  5.56678  0.00383
     27   0.90824  3.21412  0.86731  1.99146     53 g - - <
          1.38629  1.38629  1.38629  1.38629
          0.00548  5.90224  5.90224  1.46634  0.26236  5.56678  0.00383
     28   1.17685  2.90645  0.62084  2.30668     54 G - - <
          1.38629  1.38629  1.38629  1.38629
          0.00548  5.90224  5.90224  1.46634  0.26236  1.15006  0.38070
     29   2.43945  1.58849  0.79570  1.35754     55 g - - -
          1.38629  1.38629  1.38629  1.38629
          2.37332  0.83128  0.75218  1.91692  0.15906  0.15003  1.97101
     30   2.10514  4.84646  0.16565  3.77339     69 G - - -
          1.38629  1.38629  1.38629  1.38629
          0.00512  5.96972  5.96972  1.46634  0.26236  2.28415  0.10743
     31   0.47703  1.73597  2.99038  1.87812     70 A - - -
          1.38629  1.38629  1.38629  1.38629
          0.00484  6.02693  6.02693  1.46634  0.26236  5.36133  0.00471
     32   0.13119  3.71777  2.54778  3.89204     71 A - - -
          1.38629  1.38629  1.38629  1.38629
          0.02330  6.02693  3.88138  1.46634  0.26236  5.36133  0.00471
     33   0.85958  2.47449  0.96099  2.20785     72 a - - -
          1.38629  1.38629  1.38629  1.38629
          0.00493  6.00855  6.00855  1.46634  0.26236  5.39615  0.00454
     34   0.81867  0.90255  4.21475  1.97565     73 a - - -
          1.38629  1.38629  1.38629  1.38629
          0.00493  6.00855  6.00855  1.46634  0.26236  2.12199  0.12760
     35   4.17639  0.28776  2.91370  1.71242     74 C - - -
          1.38629  1.38629  1.38629  1.38629
          0.00464  6.06915  6.06915  1.46634  0.26236  5.27369  0.00514
     36   2.25237  0.67345  1.53366  1.77692     75 C - - -
          1.38629  1.38629  1.38629  1.38629
          0.16896  6.06915  1.87638  1.46634  0.26236  2.00946  0.14394
     37   2.08377  3.23301  0.29917  2.35736     76 G - - <
          1.38629  1.38629  1.38629  1.38629
          0.00511  5.97194  5.97194  1.46634  0.26236  5.46035  0.00426
     38   1.77520  0.50176  2.00911  2.39715     77 C - - <
          1.38629  1.38629  1.38629  1.38629
          0.00511  5.97194  5.97194  1.46634  0.26236  5.46035  0.00426
     39   2.04402  0.71014  1.77382  1.56430     78 c - - <
          1.38629  1.38629  1.38629  1.38629
          0.01922  5.97194  4.10508  1.46634  0.26236  3.60589  0.02754
     40   1.89519  0.70029  1.98417  1.53352     79 c - - <
          1.38629  1.38629  1.38629  1.38629
          0.14162  2.23505  3.68652  0.33380  1.25947  0.07763  2.59434
     41   2.58326  3.31125  0.23844  2.30110     82 G - - _
          1.38629  1.38629  1.38629  1.38629
          0.00334  6.39701  6.39701  1.46634  0.26236  0.27865  1.41390
     42   1.78901  1.37275  1.04703  1.47627     83 g - - _
          1.38629  1.38629  1.38629  1.38629
          0.01145  6.42937  4.62838  1.46634  0.26236  0.30242  1.34334
     43   1.53884  1.26255  3.05967  0.78628     84 u - - _
          1.38629  1.38629  1.38629  1.38629
          0.00323  6.42874  6.42874  1.46634  0.26236  0.28538  1.39322
     44   0.77690  1.84780  2.47719  1.20862     85 a - - _
          1.38629  1.38629  1.38629  1.38629
          1.22387  1.06354  1.01977  2.01279  0.14343  1.09861  0.40547
     45   1.82133  2.03595  0.61733  1.78230    108 G - - >
          1.38629  1.38629  1.38629  1.38629
          0.03930  5.99202  3.32315  1.46634  0.26236  3.55908  0.02888
     46   1.94106  1.88979  0.61082  1.81747    109 G - - >
          1.38629  1.38629  1.38629  1.38629
          0.00511  5.97194  5.97194  1.46634  0.26236  5.46035  0.00426
     47   2.39291  2.58494  0.48270  1.53192    110 G - - >
          1.38629  1.38629  1.38629  1.38629
          0.00511  5.97194  5.97194  1.46634  0.26236  5.46035  0.00426
     48   2.55629  1.47079  2.90386  0.44965    111 U - - >
          1.38629  1.38629  1.38629  1.38629
          0.02714  5.97194  3.72045  1.46634  0.26236  2.63974  0.07406
     49   0.56097  1.56349  2.23619  2.17967    112 A - - -
          1.38629  1.38629  1.38629  1.38629
          0.02070  5.99034  4.01806  1.46634  0.26236  5.42888  0.00440
     50   0.34422  2.57795  1.58612  4.54904    113 A - - -
          1.38629  1.38629  1.38629  1.38629
          0.04155  5.97474  3.26618  1.46634  0.26236  5.45567  0.00428
     51   2.63021  5.15983  0.10226  3.94256    114 G - - -
          1.38629  1.38629  1.38629  1.38629
          0.31030  1.33129  5.93848  2.28292  0.10757  0.02210  3.82324
     52   2.95182  6.84536  0.05680  6.26059    125 G - - -
          1.38629  1.38629  1.38629  1.38629
          0.00323  6.43137  6.43137  1.46634  0.26236  0.37311  1.16665
     53   2.99559  2.22734  0.20037  3.74030    126 G - - -
          1.38629  1.38629  1.38629  1.38629
          0.00321  6.43687  6.43687  1.46634  0.26236  1.09861  0.40547
     54   7.08754  6.49416  7.81840  0.00275    127 U - - -
          1.38629  1.38629  1.38629  1.38629
          0.00321  6.43687  6.43687  1.46634  0.26236  1.09861  0.40547
     55   5.93546  7.12258  0.01253  4.71076    128 G - - -
          1.38629  1.38629  1.38629  1.38629
          0.00321  6.43687  6.43687  1.46634  0.26236  1.09861  0.40547
     56   1.03351  2.90828  0.68118  2.48108    129 G - - -
          1.38629  1.38629  1.38629  1.38629
          0.00321  6.43687  6.43687  1.46634  0.26236  1.09861  0.40547
     57   0.38610  6.05192  1.15380  5.98853    130 A - - -
          1.38629  1.38629  1.38629  1.38629
          0.00321  6.43687  6.43687  1.46634  0.26236  1.09861  0.40547
     58   0.00379  7.00758  6.49977  6.59216    131 A - - -
          1.38629  1.38629  1.38629  1.38629
          0.22149  6.43687  1.62416  1.46634  0.26236  1.09861  0.40547
     59   1.79913  0.99133  1.51637  1.41073    132 c - - -
          1.38629  1.38629  1.38629  1.38629
          0.00399  6.21936  6.21936  1.46634  0.26236  4.82883  0.00803
     60   1.45430  2.65021  0.41818  3.28196    133 G - - -
          1.38629  1.38629  1.38629  1.38629
          0.40575  6.21936  1.10403  1.46634  0.26236  4.82883  0.00803
     61   1.77412  1.88953  0.41914  3.83449    134 G - - -
          1.38629  1.38629  1.38629  1.38629
          0.00596  5.81957  5.81957  1.46634  0.26236  5.67202  0.00345
     62   3.29817  1.97034  0.98045  0.80185    135 u - - -
          1.38629  1.38629  1.38629  1.38629
          0.00596  5.81957  5.81957  1.46634  0.26236  5.67202  0.00345
     63   2.85296  4.86853  0.10748  3.30915    136 G - - -
          1.38629  1.38629  1.38629  1.38629
          0.00596  5.81957  5.81957  1.46634  0.26236  5.67202  0.00345
     64   1.39799  1.76611  1.36863  1.11641    137 u - - -
          1.38629  1.38629  1.38629  1.38629
          0.00596  5.81957  5.81957  1.46634  0.26236  5.67202  0.00345
     65   1.04796  3.97255  0.69817  2.01721    138 g - - -
          1.38629  1.38629  1.38629  1.38629
          0.00596  5.81957  5.81957  1.46634  0.26236  5.67202  0.00345
     66   0.99284  5.13060  0.48410  4.91787    139 G - - -
          1.38629  1.38629  1.38629  1.38629
          0.00596  5.81957  5.81957  1.46634  0.26236  5.67202  0.00345
     67   1.18651  2.72228  3.97729  0.49388    140 U - - -
          1.38629  1.38629  1.38629  1.38629
          0.00596  5.81957  5.81957  1.46634  0.26236  5.67202  0.00345
     68   0.44366  1.09514  4.64649  4.25274    141 A - - -
          1.38629  1.38629  1.38629  1.38629
          0.00596  5.81957  5.81957  1.46634  0.26236  5.67202  0.00345
     69   0.44366  1.09514  4.64649  4.25274    142 A - - -
          1.38629  1.38629  1.38629  1.38629
          0.00596  5.81957  5.81957  1.46634  0.26236  5.67202  0.00345
     70   4.35989  1.12308  0.42800  4.59213    143 G - - -
          1.38629  1.38629  1.38629  1.38629
          0.00596  5.81957  5.81957  1.46634  0.26236  5.67202  0.00345
     71   0.41877  1.49233  4.15413  2.28676    144 A - - -
          1.38629  1.38629  1.38629  1.38629
          0.00596  5.81957  5.81957  1.46634  0.26236  5.67202  0.00345
     72   2.14590  3.12150  0.33466  2.09261    145 G - - -
          1.38629  1.38629  1.38629  1.38629
          0.00596  5.81957  5.81957  1.46634  0.26236  5.67202  0.00345
     73   1.96507  0.16862  5.44271  4.53792    146 C - - -
          1.38629  1.38629  1.38629  1.38629
          2.43714  0.12846  3.40702  3.09549  0.04631  5.67202  0.00345
     74   1.43184  1.33302  1.92559  1.04509    180 u - - -
          1.38629  1.38629  1.38629  1.38629
          0.00614  5.78893  5.78893  1.46634  0.26236  3.29384  0.03782
     75   0.54234  1.75929  1.48047  3.96762    181 A - - -
          1.38629  1.38629  1.38629  1.38629
          0.00596  5.81957  5.81957  1.46634  0.26236  5.67202  0.00345
     76   0.44377  1.91184  2.39800  2.12291    182 A - - -
          1.38629  1.38629  1.38629  1.38629
          0.00596  5.81957  5.81957  1.46634  0.26236  5.67202  0.00345
     77   0.61822  1.62376  1.41451  3.86830    183 A - - -
          1.38629  1.38629  1.38629  1.38629
          0.00596  5.81957  5.81957  1.46634  0.26236  5.67202  0.00345
     78   1.36977  0.64822  2.19847  2.19025    184 C - - -
          1.38629  1.38629  1.38629  1.38629
          0.00596  5.81957  5.81957  1.46634  0.26236  5.67202  0.00345
     79   1.62132  0.43338  2.37247  2.80016    185 C - - -
          1.38629  1.38629  1.38629  1.38629
          0.00596  5.81957  5.81957  1.46634  0.26236  5.67202  0.00345
     80   1.70655  0.36770  2.74186  2.78495    186 C - - -
          1.38629  1.38629  1.38629  1.38629
          0.00596  5.81957  5.81957  1.46634  0.26236  5.67202  0.00345
     81   1.43246  0.53306  4.25376  1.83096    187 C - - -
          1.38629  1.38629  1.38629  1.38629
          0.00596  5.81957  5.81957  1.46634  0.26236  5.67202  0.00345
     82   0.49072  1.58494  1.81135  3.94142    188 A - - -
          1.38629  1.38629  1.38629  1.38629
          0.00596  5.81957  5.81957  1.46634  0.26236  5.67202  0.00345
     83   2.40362  0.42892  4.43123  1.40040    189 C - - -
          1.38629  1.38629  1.38629  1.38629
          0.00596  5.81957  5.81957  1.46634  0.26236  5.67202  0.00345
     84   1.79233  0.62020  2.85462  1.43544    190 C - - -
          1.38629  1.38629  1.38629  1.38629
          0.00596  5.81957  5.81957  1.46634  0.26236  5.67202  0.00345
     85   1.39410  0.87884  2.09237  1.54512    191 c - - -
          1.38629  1.38629  1.38629  1.38629
          0.00596  5.81957  5.81957  1.46634  0.26236  5.67202  0.00345
     86   1.49354  2.95732  0.60520  1.72878    192 G - - -
          1.38629  1.38629  1.38629  1.38629
          0.00596  5.81957  5.81957  1.46634  0.26236  5.67202  0.00345
     87   0.81057  2.89424  0.77692  3.21309    193 g - - -
          1.38629  1.38629  1.38629  1.38629
          0.32367  5.81957  1.29631  1.46634  0.26236  0.67076  0.71604
     88   0.26133  3.10414  1.93529  3.20094    194 A - - -
          1.38629  1.38629  1.38629  1.38629
          0.00510  5.97455  5.97455  1.46634  0.26236  0.00858  4.76284
     89   2.37075  1.13646  0.95212  1.61088    195 g - - >
          1.38629  1.38629  1.38629  1.38629
          0.03012  6.43687  3.57312  1.46634  0.26236  1.09861  0.40547
     90   2.64945  0.58559  3.52261  1.07000    196 C - - >
          1.38629  1.38629  1.38629  1.38629
          0.01845  6.41004  4.09641  1.46634  0.26236  2.97180  0.05257
     91   0.34303  3.22310  2.16732  1.99461    197 A - - >
          1.38629  1.38629  1.38629  1.38629
          0.00335  6.39494  6.39494  1.46634  0.26236  1.16459  0.37404
     92   0.79696  1.61316  1.33086  2.45579    198 a - - >
          1.38629  1.38629  1.38629  1.38629
          0.00330  6.40811  6.40811  1.46634  0.26236  0.76944  0.62226
     93   3.35438  1.26716  0.78108  1.48931    199 g - - >
          1.38629  1.38629  1.38629  1.38629
          0.65064  0.74095  6.42217  1.45510  0.26576  0.18049  1.80098
     94   1.25377  1.14985  1.04336  3.08740    211 g - - >
          1.38629  1.38629  1.38629  1.38629
          0.04368  6.43687  3.19071  1.46634  0.26236  1.09861  0.40547
     95   0.98715  2.10988  1.81840  1.06762    212 a - - >
          1.38629  1.38629  1.38629  1.38629
          0.01377  6.39652  4.42185  1.46634  0.26236  3.32112  0.03678
     96   0.99608  1.32430  1.75251  1.65366    213 a - - >
          1.38629  1.38629  1.38629  1.38629
          0.01688  6.38612  4.19597  1.46634  0.26236  1.85281  0.17055
     97   1.25295  2.34930  1.29012  1.06809    214 u - - >
          1.38629  1.38629  1.38629  1.38629
          0.02285  6.38000  3.86827  1.46634  0.26236  3.62481  0.02702
     98   0.84660  1.80739  1.79473  1.42348    215 a - - >
          1.38629  1.38629  1.38629  1.38629
          0.03679  6.36062  3.36982  1.46634  0.26236  3.88863  0.02069
     99   1.49612  2.05327  0.91834  1.39227    216 g - - >
          1.38629  1.38629  1.38629  1.38629
          0.00358  6.32740  6.32740  1.46634  0.26236  0.02997  3.52261
    100   1.48872  1.91568  0.88808  1.53408    217 g - - >
          1.38629  1.38629  1.38629  1.38629
          0.65339  0.73789  6.43687  1.39090  0.28615  1.09861  0.40547
    101   1.34288  1.78044  1.35785  1.16114    229 u - - >
          1.38629  1.38629  1.38629  1.38629
          0.00321  6.43687  6.43687  1.46634  0.26236  1.09861  0.40547
    102   1.19968  1.84296  1.30649  1.31084    230 a - - >
          1.38629  1.38629  1.38629  1.38629
          0.00161  6.43526        *  1.46634  0.26236  0.00000        *
//
