INFERNAL-1 [1.0.2]
NAME     SRP_S_domain
GA       20.00
STATES   142
NODES    33
ALPHABET 1
ELSELF   -0.08926734
WBETA    1e-07
NSEQ     216
EFFNSEQ  214.613
CLEN     46
BCOM     cmbuild -F SRP_S_domain/CM SRP_S_domain/SEED
BDATE    Wed May 30 12:09:11 2012
CCOM     /home/ppg15/bin/cmcalibrate --mpi -s 1 /home/ppg15/motifs/SRP_S_domain/CM
CDATE    Wed May 30 12:40:47 2012
NULL     0.000  0.000  0.000  0.000 
PART     1        0    100  
E-LC     0      0.69552    -4.53909     3.42645     1500000      286566  0.003926
E-GC     0      0.44792   -20.99604    -6.32047     1500000      268448  0.001397
E-LI     0      0.73934    -2.78737     4.42089     1500000      232097  0.004847
E-GI     0      0.44761   -19.61679    -5.27901     1500000      229734  0.001632
E-LV     0      0.62221    -2.94383     5.25300    15000000      184548  0.006096
E-GV     0      0.37809   -13.82958     2.52577    15000000      181818  0.002063
E-LF     0      0.66485    -0.56702     7.08594    15000000      182340  0.006170
E-GF     0      0.38395   -12.45199     3.64820    15000000      181415  0.002067
FT-LC    38  0.99300  10000  1500000  0
            229.369    164.287    117.275    97.5536    82.2222    72.4255    51.7603    24.9959     14.321     8.7757    6.19257    4.45963     2.2561    1.67874    1.33581   0.753511    0.59176   0.302419    0.20922   0.191537   0.180979   0.171267   0.142771   0.132921   0.103545  0.0886974  0.0600249  0.0438869  0.0360485  0.0200275  0.0196284  0.0143613  0.0111345 1.10009e-05 5.88008e-06 3.85219e-06 3.75154e-06 1.61561e-07 
            12964.4    11617.4    9963.45     8833.8    7515.94    6681.53    5971.44    5217.52    4675.43    4150.85    3593.19    3226.29    2809.61    2466.34    2215.97    1992.35    1768.81    1587.14    1371.18    1208.46    1083.62    923.191    796.509    711.385    623.225    550.365    484.731    433.215    386.402    344.648    304.356    272.553    245.168    170.791    91.2392    76.2467    57.8619    24.5168 
FT-LI    37  0.99300  10000  1500000  0
            416.599    287.868    186.394    121.669    110.662    96.5229     57.273    29.8819    19.9484    10.1849    6.89918    6.31868    3.03149    2.02341    1.26566   0.818429   0.712094   0.358996   0.216304   0.204866   0.201708    0.17114   0.155674    0.14253   0.101934  0.0842731  0.0611206  0.0469218  0.0342067  0.0210796  0.0152339  0.0124082 0.00740314 7.15968e-06 2.80271e-06 2.18749e-06 7.66861e-08 
            12964.4    11648.3    9963.45     8833.8    7515.94    6681.53    5971.44    5217.52    4675.43    4150.85    3593.19    3226.29    2809.61    2466.34    2215.97    1992.35    1768.81    1587.14    1371.18    1208.46    1083.62    923.191    796.509    711.385    623.225    550.365    484.731    433.215    386.402    344.648    304.356    272.553    245.168    170.791    91.2392    57.8619    24.5168 
FT-GC    5  0.99300  10000  1500000  1
            3674.52 0.000565775 0.000366295 0.000307673 0.000107397 
            191.916     152.71    59.0433    23.3514    19.1916 
FT-GI    5  0.99300  10000  1500000  1
            3383.61 0.000914936 0.00057728 0.000481832 0.000170312 
            191.916     152.71    59.0433    23.3514    19.1916 
MODEL:
				[ ROOT    0 ]
     S     0    -1 0     1     6 -13.695 -13.635  -0.167  -5.420  -3.658  -7.224 
    IL     1     1 2     1     6  -2.579  -2.842  -0.760  -4.497  -5.274  -4.934  0.000  0.000  0.000  0.000 
    IR     2     2 3     2     5  -2.408  -0.496  -5.920  -4.087  -5.193          0.000  0.000  0.000  0.000 
				[ MATP    1 ]
    MP     3     2 3     7     6  -5.122 -13.468  -0.043 -12.245 -12.525 -12.920  0.556  1.419 -0.387 -0.163 -1.963 -0.538  0.788 -1.019 -1.393 -0.822 -4.766 -0.299  1.332  0.155 -0.094 -0.582 
    ML     4     2 3     7     6  -9.322  -9.668  -0.371  -2.218  -9.518  -7.047  1.413 -1.839 -1.946 -0.327 
    MR     5     2 3     7     6 -11.509  -3.745  -0.789  -2.093  -3.678  -4.894 -0.102  0.397  0.079 -0.525 
     D     6     2 3     7     6 -10.928  -9.626  -5.423  -6.105  -6.123  -0.080 
    IL     7     7 5     7     6  -5.392  -5.655  -0.087  -7.310  -8.086  -7.746  0.000  0.000  0.000  0.000 
    IR     8     8 6     8     5  -1.371  -0.796  -7.377  -5.545  -6.651          0.000  0.000  0.000  0.000 
				[ MATP    2 ]
    MP     9     8 6    13     6 -13.641 -13.580  -0.039  -6.390  -6.135 -13.032 -2.078 -2.159 -2.855  0.736 -0.409 -3.980  1.849 -0.375 -4.733  2.173 -2.460 -0.407  0.650 -2.271 -0.275 -1.121 
    ML    10     8 6    13     6  -9.334  -9.680  -0.653  -1.504  -9.530  -7.060 -0.042  0.527 -0.599 -0.108 
    MR    11     8 6    13     6  -8.145  -6.874  -2.783  -6.852  -0.315  -5.066 -0.520 -1.528  1.281 -0.926 
     D    12     8 6    13     6 -11.285  -9.984  -5.781  -6.463  -6.480  -0.062 
    IL    13    13 5    13     6  -2.579  -2.842  -0.760  -4.497  -5.274  -4.934  0.000  0.000  0.000  0.000 
    IR    14    14 6    14     5  -2.408  -0.496  -5.920  -4.087  -5.193          0.000  0.000  0.000  0.000 
				[ MATP    3 ]
    MP    15    14 6    19     6 -13.627 -13.566  -0.010 -12.343 -12.623  -7.230 -5.268 -3.727 -2.099  0.899 -1.837 -5.617  1.740 -2.779 -0.943  2.136 -5.570  0.320  1.427 -2.498 -1.291 -0.852 
    ML    16    14 6    19     6  -9.079  -9.425  -0.823  -1.249  -9.275  -6.804  1.052  0.081 -1.618 -0.880 
    MR    17    14 6    19     6  -9.572  -8.300  -1.506  -8.279  -0.669  -6.492  0.594  0.033 -0.286 -0.628 
     D    18    14 6    19     6 -11.285  -9.984  -5.781  -6.463  -6.480  -0.062 
    IL    19    19 5    19     6  -2.579  -2.842  -0.760  -4.497  -5.274  -4.934  0.000  0.000  0.000  0.000 
    IR    20    20 6    20     5  -2.408  -0.496  -5.920  -4.087  -5.193          0.000  0.000  0.000  0.000 
				[ MATP    4 ]
    MP    21    20 6    25     6 -13.644 -13.584  -0.001 -12.360 -12.640 -13.035 -7.352 -6.952 -7.750  1.610 -6.667 -8.102  2.059 -7.607 -7.670  2.018 -7.500  0.209  1.562 -7.390 -1.591 -2.085 
    ML    22    20 6    25     6  -8.054  -8.400  -3.115  -0.224  -8.250  -5.780 -0.936 -1.419 -1.718  1.485 
    MR    23    20 6    25     6  -9.061  -7.790  -0.253  -7.768  -2.902  -5.982  1.051 -1.214 -1.354  0.145 
     D    24    20 6    25     6 -11.907 -10.606  -1.466  -7.085  -7.102  -0.684 
    IL    25    25 5    25     6  -2.579  -2.842  -0.760  -4.497  -5.274  -4.934  0.000  0.000  0.000  0.000 
    IR    26    26 6    26     5  -2.408  -0.496  -5.920  -4.087  -5.193          0.000  0.000  0.000  0.000 
				[ MATP    5 ]
    MP    27    26 6    31     6 -13.671 -13.610  -0.052  -4.843 -12.666 -13.061 -7.400 -6.394 -8.360  1.616 -9.212 -8.201  1.416 -7.871 -7.517  2.809 -3.976  0.585  0.567 -7.558 -3.096 -4.229 
    ML    28    26 6    31     6  -1.401  -8.400  -3.115  -1.054  -8.250  -5.780  0.718  0.200 -1.124 -0.419 
    MR    29    26 6    31     6  -6.988  -5.717  -1.625  -5.695  -0.829  -3.908  0.660 -0.612 -0.293 -0.076 
     D    30    26 6    31     6 -11.285  -9.984  -2.588  -6.463  -6.480  -0.304 
    IL    31    31 5    31     6  -3.555  -3.818  -0.337  -5.473  -6.249  -5.909  0.000  0.000  0.000  0.000 
    IR    32    32 6    32     5  -2.408  -0.496  -5.920  -4.087  -5.193          0.000  0.000  0.000  0.000 
				[ MATP    6 ]
    MP    33    32 6    37     6 -13.629 -13.568  -0.226  -2.828 -12.624  -8.009 -8.975 -8.297 -9.629  0.950 -1.005 -9.946  2.051 -9.216 -9.273  2.207 -9.123 -2.453 -0.629 -9.254  1.885 -1.875 
    ML    34    32 6    37     6  -9.959 -10.305  -1.758  -2.308 -10.155  -1.001  0.487 -0.467  0.233 -0.515 
    MR    35    32 6    37     6  -6.988  -5.717  -1.625  -5.695  -0.829  -3.908  0.660 -0.612 -0.293 -0.076 
     D    36    32 6    37     6 -11.054  -9.752  -1.841  -6.231  -6.249  -0.529 
    IL    37    37 5    37     6  -2.579  -2.842  -0.760  -4.497  -5.274  -4.934  0.000  0.000  0.000  0.000 
    IR    38    38 6    38     5  -2.408  -0.496  -5.920  -4.087  -5.193          0.000  0.000  0.000  0.000 
				[ MATP    7 ]
    MP    39    38 6    43     4 -12.612 -12.819  -0.001 -11.233                 -0.208 -1.632 -6.017 -4.361 -5.502 -2.756 -2.097 -3.453  3.322  0.796 -2.082 -4.990 -0.139 -1.081 -0.720 -1.942 
    ML    40    38 6    43     4  -2.755  -9.053  -0.242  -7.782                  1.054  0.584 -3.327 -1.623 
    MR    41    38 6    43     4  -4.809  -3.838  -1.706  -0.766                  0.660 -0.612 -0.293 -0.076 
     D    42    38 6    43     4  -8.144  -7.825  -0.229  -2.848                 
    IL    43    43 5    43     4  -4.461  -5.144  -0.118  -7.630                  0.000  0.000  0.000  0.000 
    IR    44    44 6    44     3  -1.442  -0.798  -4.142                          0.000  0.000  0.000  0.000 
				[ MATL    8 ]
    ML    45    44 6    47     3 -13.795  -0.000 -12.450                          1.010 -0.630 -0.642 -0.516 
     D    46    44 6    47     3  -7.414  -2.927  -0.213                         
    IL    47    47 3    47     3  -1.442  -0.798  -4.142                          0.000  0.000  0.000  0.000 
				[ MATL    9 ]
    ML    48    47 3    50     3 -13.795  -0.000 -12.450                          1.977 -5.797 -6.257 -4.971 
     D    49    47 3    50     3  -7.414  -2.927  -0.213                         
    IL    50    50 3    50     3  -1.442  -0.798  -4.142                          0.000  0.000  0.000  0.000 
				[ MATL   10 ]
    ML    51    50 3    53     3 -14.090  -0.004  -8.592                         -0.636  1.367 -2.551 -0.722 
     D    52    50 3    53     3  -6.491  -1.605  -0.599                         
    IL    53    53 3    53     3  -1.925  -0.554  -4.164                          0.000  0.000  0.000  0.000 
				[ MATR   11 ]
    MR    54    53 3    56     5 -12.728  -0.550  -2.400  -3.300  -5.264          1.325 -0.927 -2.175 -0.419 
     D    55    53 3    56     5  -6.517  -1.872  -1.627  -5.574  -1.430         
    IR    56    56 3    56     5  -2.408  -0.496  -5.920  -4.087  -5.193          0.000  0.000  0.000  0.000 
				[ MATP   12 ]
    MP    57    56 3    61     6 -13.154 -13.093  -0.149  -3.356 -12.149 -12.544 -1.644 -3.597 -1.796 -3.030  2.188 -0.165 -0.703  2.339 -5.818 -4.233 -6.208 -2.275 -0.104 -0.942 -2.970  1.134 
    ML    58    56 3    61     6 -12.173  -6.319  -0.032  -6.927 -12.368  -9.898 -4.449  1.217 -5.234  0.681 
    MR    59    56 3    61     6 -11.816 -10.545  -1.202  -0.883  -5.657  -8.737  1.462 -2.128 -0.777 -1.205 
     D    60    56 3    61     6 -12.670 -11.368  -0.111  -7.848  -7.865  -3.940 
    IL    61    61 5    61     6  -2.579  -2.842  -0.760  -4.497  -5.274  -4.934  0.000  0.000  0.000  0.000 
    IR    62    62 6    62     5  -2.826  -0.914  -1.923  -4.505  -5.611          0.000  0.000  0.000  0.000 
				[ MATP   13 ]
    MP    63    62 6    67     6 -13.503 -13.442  -0.001 -12.219 -12.499 -12.894 -4.058 -7.282 -7.498 -0.068 -4.092 -8.226  2.163 -7.699  2.038  1.847 -7.746 -0.529  0.980 -7.206 -4.884 -6.499 
    ML    64    62 6    67     6 -11.602 -11.949  -0.021  -6.357 -11.798  -9.328  1.211 -0.066 -3.165 -0.696 
    MR    65    62 6    67     6  -6.988  -5.717  -1.625  -5.695  -0.829  -3.908  0.660 -0.612 -0.293 -0.076 
     D    66    62 6    67     6  -9.049  -7.747  -3.544  -4.226  -4.244  -0.319 
    IL    67    67 5    67     6  -2.579  -2.842  -0.760  -4.497  -5.274  -4.934  0.000  0.000  0.000  0.000 
    IR    68    68 6    68     5  -2.408  -0.496  -5.920  -4.087  -5.193          0.000  0.000  0.000  0.000 
				[ MATP   14 ]
    MP    69    68 6    73     6 -13.695 -13.635  -0.001 -12.411 -12.691 -13.086 -11.284 -10.023 -11.346 -0.504 -9.422 -12.100  2.977 -10.423 -11.779  2.444 -11.275 -1.534  0.592 -11.785 -5.295 -3.424 
    ML    70    68 6    73     6  -6.250  -6.596  -1.310  -1.005  -6.446  -3.975  0.660 -0.612 -0.293 -0.076 
    MR    71    68 6    73     6  -6.988  -5.717  -1.625  -5.695  -0.829  -3.908  0.660 -0.612 -0.293 -0.076 
     D    72    68 6    73     6  -9.049  -7.747  -3.544  -4.226  -4.244  -0.319 
    IL    73    73 5    73     6  -2.579  -2.842  -0.760  -4.497  -5.274  -4.934  0.000  0.000  0.000  0.000 
    IR    74    74 6    74     5  -2.408  -0.496  -5.920  -4.087  -5.193          0.000  0.000  0.000  0.000 
				[ MATP   15 ]
    MP    75    74 6    79     6 -13.695 -13.635  -0.001 -12.411 -12.691 -13.086 -11.705 -10.243 -11.591 -0.641 -9.500 -12.468  1.566 -10.553 -12.291  3.223 -11.637 -3.957  1.517 -12.330 -2.947 -9.207 
    ML    76    74 6    79     6  -6.250  -6.596  -1.310  -1.005  -6.446  -3.975  0.660 -0.612 -0.293 -0.076 
    MR    77    74 6    79     6  -6.988  -5.717  -1.625  -5.695  -0.829  -3.908  0.660 -0.612 -0.293 -0.076 
     D    78    74 6    79     6  -9.049  -7.747  -3.544  -4.226  -4.244  -0.319 
    IL    79    79 5    79     6  -2.579  -2.842  -0.760  -4.497  -5.274  -4.934  0.000  0.000  0.000  0.000 
    IR    80    80 6    80     5  -2.408  -0.496  -5.920  -4.087  -5.193          0.000  0.000  0.000  0.000 
				[ MATP   16 ]
    MP    81    80 6    85     4 -12.888 -13.095  -0.001 -11.509                 -6.869 -1.755 -7.658 -3.265  0.976 -3.123  1.237 -8.047 -7.423  0.463 -8.322 -6.780 -0.695 -7.440  3.171 -3.083 
    ML    82    80 6    85     4  -3.758  -3.940  -0.507  -2.670                  0.660 -0.612 -0.293 -0.076 
    MR    83    80 6    85     4  -4.809  -3.838  -1.706  -0.766                  0.660 -0.612 -0.293 -0.076 
     D    84    80 6    85     4  -4.568  -4.250  -2.265  -0.520                 
    IL    85    85 5    85     4  -1.686  -2.369  -1.117  -4.855                  0.000  0.000  0.000  0.000 
    IR    86    86 6    86     3  -1.442  -0.798  -4.142                          0.000  0.000  0.000  0.000 
				[ MATL   17 ]
    ML    87    86 6    89     3 -13.799  -0.000 -12.453                         -3.148  1.445  0.091 -3.345 
     D    88    86 6    89     3  -6.174  -1.687  -0.566                         
    IL    89    89 3    89     3  -1.442  -0.798  -4.142                          0.000  0.000  0.000  0.000 
				[ MATL   18 ]
    ML    90    89 3    92     3 -13.799  -0.000 -12.453                          1.996 -8.332 -7.799 -8.144 
     D    91    89 3    92     3  -6.174  -1.687  -0.566                         
    IL    92    92 3    92     3  -1.442  -0.798  -4.142                          0.000  0.000  0.000  0.000 
				[ MATL   19 ]
    ML    93    92 3    95     3 -13.799  -0.000 -12.453                         -9.208 -10.229  1.999 -10.002 
     D    94    92 3    95     3  -6.174  -1.687  -0.566                         
    IL    95    95 3    95     3  -1.442  -0.798  -4.142                          0.000  0.000  0.000  0.000 
				[ MATL   20 ]
    ML    96    95 3    98     3 -14.094  -0.000 -12.412                         -2.036 -7.152  1.886 -4.263 
     D    97    95 3    98     3  -5.620  -0.734  -1.403                         
    IL    98    98 3    98     3  -1.925  -0.554  -4.164                          0.000  0.000  0.000  0.000 
				[ MATR   21 ]
    MR    99    98 3   101     3 -14.094  -0.000 -12.412                          1.996 -8.332 -7.799 -8.144 
     D   100    98 3   101     3  -6.390  -1.568  -0.620                         
    IR   101   101 3   101     3  -1.925  -0.554  -4.164                          0.000  0.000  0.000  0.000 
				[ MATR   22 ]
    MR   102   101 3   104     3 -14.094  -0.000 -12.412                         -8.849  1.998 -9.356 -8.973 
     D   103   101 3   104     3  -6.390  -1.568  -0.620                         
    IR   104   104 3   104     3  -1.925  -0.554  -4.164                          0.000  0.000  0.000  0.000 
				[ MATR   23 ]
    MR   105   104 3   107     3 -14.094  -0.000 -12.412                         -4.422 -8.451  1.980 -7.768 
     D   106   104 3   107     3  -6.390  -1.568  -0.620                         
    IR   107   107 3   107     3  -1.925  -0.554  -4.164                          0.000  0.000  0.000  0.000 
				[ MATR   24 ]
    MR   108   107 3   110     5 -12.736  -0.001 -12.551 -12.763 -13.655          1.853 -4.300 -5.770 -1.650 
     D   109   107 3   110     5  -5.352  -0.707  -2.978  -4.409  -2.404         
    IR   110   110 3   110     5  -2.408  -0.496  -5.920  -4.087  -5.193          0.000  0.000  0.000  0.000 
				[ MATP   25 ]
    MP   111   110 3   115     6 -13.695 -13.635  -0.001 -12.411 -12.691 -13.086 -3.429 -7.041 -2.218  0.674 -5.670 -7.611  2.407 -7.069 -3.079  2.208 -7.287 -4.264  1.777 -6.845 -0.989 -5.705 
    ML   112   110 3   115     6  -6.250  -6.596  -1.310  -1.005  -6.446  -3.975  0.660 -0.612 -0.293 -0.076 
    MR   113   110 3   115     6  -6.988  -5.717  -1.625  -5.695  -0.829  -3.908  0.660 -0.612 -0.293 -0.076 
     D   114   110 3   115     6  -9.049  -7.747  -3.544  -4.226  -4.244  -0.319 
    IL   115   115 5   115     6  -2.579  -2.842  -0.760  -4.497  -5.274  -4.934  0.000  0.000  0.000  0.000 
    IR   116   116 6   116     5  -2.408  -0.496  -5.920  -4.087  -5.193          0.000  0.000  0.000  0.000 
				[ MATP   26 ]
    MP   117   116 6   121     6 -13.695 -13.635  -0.001 -12.411 -12.691 -13.086 -11.157 -10.301 -10.932  1.073 -8.976 -11.841  3.064 -10.266 -11.838  0.635 -11.371 -6.035  1.864 -11.471 -1.656 -8.898 
    ML   118   116 6   121     6  -6.250  -6.596  -1.310  -1.005  -6.446  -3.975  0.660 -0.612 -0.293 -0.076 
    MR   119   116 6   121     6  -6.988  -5.717  -1.625  -5.695  -0.829  -3.908  0.660 -0.612 -0.293 -0.076 
     D   120   116 6   121     6  -9.049  -7.747  -3.544  -4.226  -4.244  -0.319 
    IL   121   121 5   121     6  -2.579  -2.842  -0.760  -4.497  -5.274  -4.934  0.000  0.000  0.000  0.000 
    IR   122   122 6   122     5  -2.408  -0.496  -5.920  -4.087  -5.193          0.000  0.000  0.000  0.000 
				[ MATP   27 ]
    MP   123   122 6   127     4 -12.888 -13.095  -0.001 -11.509                 -10.866 -9.680 -11.122  1.804 -9.409 -11.687  2.762 -10.265 -11.259  2.025 -10.820 -5.895 -0.286 -11.277 -0.515 -3.134 
    ML   124   122 6   127     4  -3.758  -3.940  -0.507  -2.670                  0.660 -0.612 -0.293 -0.076 
    MR   125   122 6   127     4  -4.809  -3.838  -1.706  -0.766                  0.660 -0.612 -0.293 -0.076 
     D   126   122 6   127     4  -4.568  -4.250  -2.265  -0.520                 
    IL   127   127 5   127     4  -1.686  -2.369  -1.117  -4.855                  0.000  0.000  0.000  0.000 
    IR   128   128 6   128     3  -1.442  -0.798  -4.142                          0.000  0.000  0.000  0.000 
				[ MATL   28 ]
    ML   129   128 6   131     3 -13.799  -0.000 -12.453                         -5.028 -4.863  1.944 -3.520 
     D   130   128 6   131     3  -6.174  -1.687  -0.566                         
    IL   131   131 3   131     3  -1.442  -0.798  -4.142                          0.000  0.000  0.000  0.000 
				[ MATL   29 ]
    ML   132   131 3   134     3  -2.920  -0.205 -12.453                          0.160 -0.609  0.871 -1.329 
     D   133   131 3   134     3  -6.174  -1.687  -0.566                         
    IL   134   134 3   134     3  -1.091  -0.919  -9.237                          0.000  0.000  0.000  0.000 
				[ MATL   30 ]
    ML   135   134 3   137     3 -13.799  -0.000 -12.453                          1.714 -1.086 -2.345 -4.278 
     D   136   134 3   137     3  -6.174  -1.687  -0.566                         
    IL   137   137 3   137     3  -1.442  -0.798  -4.142                          0.000  0.000  0.000  0.000 
				[ MATL   31 ]
    ML   138   137 3   140     2       *   0.000                                  1.971 -4.087 -6.740 -6.528 
     D   139   137 3   140     2       *   0.000                                 
    IL   140   140 3   140     2  -1.823  -0.479                                  0.000  0.000  0.000  0.000 
				[ END    32 ]
     E   141   140 3    -1     0                                                 
//
