INFERNAL-1 [1.0.2]
NAME     RBS_H_pylori
GA       15.00
STATES   121
NODES    41
ALPHABET 1
ELSELF   -0.08926734
WBETA    1e-07
NSEQ     202
EFFNSEQ  202.000
CLEN     39
BCOM     cmbuild -F RBS_H_pylori/CM RBS_H_pylori/SEED
BDATE    Wed May 30 12:09:11 2012
CCOM     /home/ppg15/bin/cmcalibrate --mpi -s 1 /home/ppg15/motifs/RBS_H_pylori/CM
CDATE    Wed May 30 12:35:43 2012
NULL     0.000  0.000  0.000  0.000 
PART     1        0    100  
E-LC     0      0.37066   -13.22861     3.40240     1500000      535006  0.002103
E-GC     0      0.36953   -10.26142     6.25283     1500000      167628  0.002237
E-LI     0      0.40517    -9.60962     3.77607     1500000      255011  0.004412
E-GI     0      0.36938    -9.91099     6.34298     1500000      151871  0.002469
E-LV     0      0.43715    -2.81645     9.45495    15000000      240378  0.004680
E-GV     0      0.52205     0.02201    12.35909    15000000      235049  0.001595
E-LF     0      0.52449     0.12332    10.33122    15000000      237864  0.004730
E-GF     0      0.52149     0.01525    12.36395    15000000      234841  0.001597
FT-LC    50  0.99300  10000  1500000  0
            12379.1    10715.4    9515.55    8996.53    8051.96    7300.21    6382.58     5723.3    5171.62    5082.58    4771.94    4484.97    4021.65    3665.22    3477.13    3120.06    3027.55     2833.9    2469.84    2355.63    2032.36    1871.04    1719.78    1564.71    1394.08     1303.1    1211.43    1023.08    914.991    797.474     688.63    262.089    228.349    213.253    195.474    172.793    157.274    144.421    129.977    115.666    108.485    98.8805    90.3301    84.9711    79.0188    71.2801    66.2853    61.7318    56.3331    54.8541 
            18082.8    16179.9    14356.2      12913    11548.1    10065.4    8921.59    7932.66    7083.01    6357.62    5700.54    5130.17    4532.89    4066.53    3642.42    3271.11    2929.95    2628.51    2276.66    2009.49    1796.14    1613.88    1447.84    1288.03    1156.73    1028.51    910.672    819.554     736.78    659.247    596.573    493.011    440.206    384.493    336.359     296.42    253.796    223.075    193.214    170.272    153.235    137.542     121.72    109.426    97.6548    86.3306    77.4893    69.1895    62.2668    59.6573 
FT-LI    50  0.99300  10000  1500000  0
            13107.3      11960    10536.8    10077.6    9208.45    8135.77    7358.09    6471.98    6278.51    5950.43    5588.58     5222.3    4638.98    4146.58    3956.18    3517.77    3270.29    2768.73    2479.91    2368.53    2037.44    1790.78    1587.43    1466.37    1345.86    1177.98    1115.21    1007.87    864.488    779.575    595.473    265.389    227.614    213.053    191.804    168.627    150.838    138.935    122.453    107.639    100.517    91.4976    83.3165    76.4326    71.5598    63.8385    57.9651    52.9578    48.3361    47.9862 
            18082.8    16222.3    14576.3    13021.9    11548.1    10305.8    9250.37    8255.25    7429.27    6526.55    5772.75    5181.55    4641.15    4163.65    3642.42    3271.11    2929.95    2628.51    2276.66    2009.49    1796.14    1613.88    1447.84    1288.03    1156.73    1028.51    910.672    819.554     736.78    659.247    596.573    493.011    443.218    384.493    336.359     296.42    253.796    223.075    193.214    171.257    153.235    137.542     121.72    109.426    97.6548    85.4746    76.0399    68.0737    60.5915    59.6573 
FT-GC    27  0.99300  10000  1500000  1
             124427    11567.9    3946.06     1617.8    990.004    863.059    636.584    222.964    205.479    189.435    173.999    155.223    144.485    132.174    121.359    111.595    105.149    94.9183    87.7661    81.6642    75.3435    69.4597    63.9899    59.2994    54.5886    50.3634    47.0876 
             938.72     831.75    737.738    649.592    581.907    522.362    482.696      432.5    385.219    334.624    298.665    258.628    232.285    206.783    183.315     162.85    146.415    128.988    115.729    103.887    92.4336    82.1571    73.7502    65.6878    59.0277    52.9324    48.2696 
FT-GI    28  0.99300  10000  1500000  1
            71284.2    9067.94     3113.8    1476.57    902.451    729.804    582.623    230.535     212.45    192.223    179.888    160.521    149.401    136.693    125.508    115.417    108.754    99.0992    92.1007    85.3533    78.6904    72.9257     67.557    62.4929    57.5304    53.4084      49.48    48.9624 
             938.72     831.75    737.738    649.592    581.907    522.362    482.696      432.5    385.219    334.624    298.665    258.628    232.285    206.783    183.315     162.85    146.415    131.159    117.615    105.801    94.6777    84.4155    75.6196    67.9526    60.8721    54.5864    48.8986    48.2696 
MODEL:
				[ ROOT    0 ]
     S     0    -1 0     1     4 -12.802 -13.009  -0.001 -11.423                 
    IL     1     1 2     1     4  -1.686  -2.369  -1.117  -4.855                  0.000  0.000  0.000  0.000 
    IR     2     2 3     2     3  -1.442  -0.798  -4.142                          0.000  0.000  0.000  0.000 
				[ MATL    1 ]
    ML     3     2 3     5     3 -13.713  -0.000 -12.367                          0.572 -0.735 -0.700  0.376 
     D     4     2 3     5     3  -6.174  -1.687  -0.566                         
    IL     5     5 3     5     3  -1.442  -0.798  -4.142                          0.000  0.000  0.000  0.000 
				[ MATL    2 ]
    ML     6     5 3     8     3 -13.713  -0.000 -12.367                          0.578 -0.795 -0.464  0.271 
     D     7     5 3     8     3  -6.174  -1.687  -0.566                         
    IL     8     8 3     8     3  -1.442  -0.798  -4.142                          0.000  0.000  0.000  0.000 
				[ MATL    3 ]
    ML     9     8 3    11     3 -13.713  -0.000 -12.367                          0.612 -0.539 -1.255  0.448 
     D    10     8 3    11     3  -6.174  -1.687  -0.566                         
    IL    11    11 3    11     3  -1.442  -0.798  -4.142                          0.000  0.000  0.000  0.000 
				[ MATL    4 ]
    ML    12    11 3    14     3 -13.713  -0.000 -12.367                          0.266 -1.031 -0.905  0.827 
     D    13    11 3    14     3  -6.174  -1.687  -0.566                         
    IL    14    14 3    14     3  -1.442  -0.798  -4.142                          0.000  0.000  0.000  0.000 
				[ MATL    5 ]
    ML    15    14 3    17     3 -13.713  -0.000 -12.367                          0.167 -0.507 -0.859  0.698 
     D    16    14 3    17     3  -6.174  -1.687  -0.566                         
    IL    17    17 3    17     3  -1.442  -0.798  -4.142                          0.000  0.000  0.000  0.000 
				[ MATL    6 ]
    ML    18    17 3    20     3 -13.713  -0.000 -12.367                          0.742 -0.667 -2.100  0.550 
     D    19    17 3    20     3  -6.174  -1.687  -0.566                         
    IL    20    20 3    20     3  -1.442  -0.798  -4.142                          0.000  0.000  0.000  0.000 
				[ MATL    7 ]
    ML    21    20 3    23     3 -13.713  -0.000 -12.367                          0.870 -1.134 -1.596  0.471 
     D    22    20 3    23     3  -6.174  -1.687  -0.566                         
    IL    23    23 3    23     3  -1.442  -0.798  -4.142                          0.000  0.000  0.000  0.000 
				[ MATL    8 ]
    ML    24    23 3    26     3 -13.713  -0.000 -12.367                          0.936 -0.765 -1.464  0.184 
     D    25    23 3    26     3  -6.174  -1.687  -0.566                         
    IL    26    26 3    26     3  -1.442  -0.798  -4.142                          0.000  0.000  0.000  0.000 
				[ MATL    9 ]
    ML    27    26 3    29     3 -13.713  -0.000 -12.367                          0.984 -1.031 -1.977  0.354 
     D    28    26 3    29     3  -6.174  -1.687  -0.566                         
    IL    29    29 3    29     3  -1.442  -0.798  -4.142                          0.000  0.000  0.000  0.000 
				[ MATL   10 ]
    ML    30    29 3    32     3 -13.713  -0.000 -12.367                          0.772 -1.050 -2.096  0.656 
     D    31    29 3    32     3  -6.174  -1.687  -0.566                         
    IL    32    32 3    32     3  -1.442  -0.798  -4.142                          0.000  0.000  0.000  0.000 
				[ MATL   11 ]
    ML    33    32 3    35     3 -13.713  -0.000 -12.367                          0.422 -0.286 -2.688  0.753 
     D    34    32 3    35     3  -6.174  -1.687  -0.566                         
    IL    35    35 3    35     3  -1.442  -0.798  -4.142                          0.000  0.000  0.000  0.000 
				[ MATL   12 ]
    ML    36    35 3    38     3 -13.713  -0.000 -12.367                          0.302 -0.583 -2.656  0.957 
     D    37    35 3    38     3  -6.174  -1.687  -0.566                         
    IL    38    38 3    38     3  -1.442  -0.798  -4.142                          0.000  0.000  0.000  0.000 
				[ MATL   13 ]
    ML    39    38 3    41     3 -13.713  -0.000 -12.367                         -0.025 -0.726 -1.465  1.036 
     D    40    38 3    41     3  -6.174  -1.687  -0.566                         
    IL    41    41 3    41     3  -1.442  -0.798  -4.142                          0.000  0.000  0.000  0.000 
				[ MATL   14 ]
    ML    42    41 3    44     3 -13.713  -0.000 -12.367                          0.432 -0.642 -2.186  0.840 
     D    43    41 3    44     3  -6.174  -1.687  -0.566                         
    IL    44    44 3    44     3  -1.442  -0.798  -4.142                          0.000  0.000  0.000  0.000 
				[ MATL   15 ]
    ML    45    44 3    47     3 -13.713  -0.000 -12.367                          0.803 -1.316 -2.510  0.747 
     D    46    44 3    47     3  -6.174  -1.687  -0.566                         
    IL    47    47 3    47     3  -1.442  -0.798  -4.142                          0.000  0.000  0.000  0.000 
				[ MATL   16 ]
    ML    48    47 3    50     3 -13.713  -0.000 -12.367                          0.754 -1.116 -2.662  0.760 
     D    49    47 3    50     3  -6.174  -1.687  -0.566                         
    IL    50    50 3    50     3  -1.442  -0.798  -4.142                          0.000  0.000  0.000  0.000 
				[ MATL   17 ]
    ML    51    50 3    53     3 -13.713  -0.000 -12.367                          0.894 -2.453 -2.333  0.816 
     D    52    50 3    53     3  -6.174  -1.687  -0.566                         
    IL    53    53 3    53     3  -1.442  -0.798  -4.142                          0.000  0.000  0.000  0.000 
				[ MATL   18 ]
    ML    54    53 3    56     3 -13.713  -0.000 -12.367                          0.685 -1.373 -1.788  0.780 
     D    55    53 3    56     3  -6.174  -1.687  -0.566                         
    IL    56    56 3    56     3  -1.442  -0.798  -4.142                          0.000  0.000  0.000  0.000 
				[ MATL   19 ]
    ML    57    56 3    59     3 -13.713  -0.000 -12.367                          1.014 -1.516 -2.341  0.520 
     D    58    56 3    59     3  -6.174  -1.687  -0.566                         
    IL    59    59 3    59     3  -1.442  -0.798  -4.142                          0.000  0.000  0.000  0.000 
				[ MATL   20 ]
    ML    60    59 3    62     3 -13.713  -0.000 -12.367                          1.868 -5.908 -2.186 -3.147 
     D    61    59 3    62     3  -6.174  -1.687  -0.566                         
    IL    62    62 3    62     3  -1.442  -0.798  -4.142                          0.000  0.000  0.000  0.000 
				[ MATL   21 ]
    ML    63    62 3    65     3 -13.713  -0.000 -12.367                          1.707 -9.185 -0.449 -8.843 
     D    64    62 3    65     3  -6.174  -1.687  -0.566                         
    IL    65    65 3    65     3  -1.442  -0.798  -4.142                          0.000  0.000  0.000  0.000 
				[ MATL   22 ]
    ML    66    65 3    68     3 -13.713  -0.000 -12.367                         -0.160 -5.395  1.618 -6.404 
     D    67    65 3    68     3  -6.174  -1.687  -0.566                         
    IL    68    68 3    68     3  -1.442  -0.798  -4.142                          0.000  0.000  0.000  0.000 
				[ MATL   23 ]
    ML    69    68 3    71     3 -13.713  -0.000 -12.367                         -1.056 -7.542  1.809 -6.791 
     D    70    68 3    71     3  -6.174  -1.687  -0.566                         
    IL    71    71 3    71     3  -1.442  -0.798  -4.142                          0.000  0.000  0.000  0.000 
				[ MATL   24 ]
    ML    72    71 3    74     3 -13.713  -0.000 -12.367                          0.893 -3.694  0.873 -2.097 
     D    73    71 3    74     3  -6.174  -1.687  -0.566                         
    IL    74    74 3    74     3  -1.442  -0.798  -4.142                          0.000  0.000  0.000  0.000 
				[ MATL   25 ]
    ML    75    74 3    77     3 -13.713  -0.000 -12.367                          0.557 -1.996  0.403 -0.065 
     D    76    74 3    77     3  -6.174  -1.687  -0.566                         
    IL    77    77 3    77     3  -1.442  -0.798  -4.142                          0.000  0.000  0.000  0.000 
				[ MATL   26 ]
    ML    78    77 3    80     3 -13.713  -0.000 -12.367                          0.713 -2.050 -1.155  0.740 
     D    79    77 3    80     3  -6.174  -1.687  -0.566                         
    IL    80    80 3    80     3  -1.442  -0.798  -4.142                          0.000  0.000  0.000  0.000 
				[ MATL   27 ]
    ML    81    80 3    83     3 -13.713  -0.000 -12.367                          0.885 -1.734 -1.571  0.601 
     D    82    80 3    83     3  -6.174  -1.687  -0.566                         
    IL    83    83 3    83     3  -1.442  -0.798  -4.142                          0.000  0.000  0.000  0.000 
				[ MATL   28 ]
    ML    84    83 3    86     3 -13.713  -0.000 -12.367                          0.777 -1.627 -1.016  0.554 
     D    85    83 3    86     3  -6.174  -1.687  -0.566                         
    IL    86    86 3    86     3  -1.442  -0.798  -4.142                          0.000  0.000  0.000  0.000 
				[ MATL   29 ]
    ML    87    86 3    89     3 -13.713  -0.000 -12.367                          0.060 -0.831 -0.276  0.651 
     D    88    86 3    89     3  -6.174  -1.687  -0.566                         
    IL    89    89 3    89     3  -1.442  -0.798  -4.142                          0.000  0.000  0.000  0.000 
				[ MATL   30 ]
    ML    90    89 3    92     3 -13.713  -0.000 -12.367                          0.208  0.964 -2.410 -0.503 
     D    91    89 3    92     3  -6.174  -1.687  -0.566                         
    IL    92    92 3    92     3  -1.442  -0.798  -4.142                          0.000  0.000  0.000  0.000 
				[ MATL   31 ]
    ML    93    92 3    95     3 -13.713  -0.000 -12.367                          1.986 -7.216 -5.530 -6.612 
     D    94    92 3    95     3  -6.174  -1.687  -0.566                         
    IL    95    95 3    95     3  -1.442  -0.798  -4.142                          0.000  0.000  0.000  0.000 
				[ MATL   32 ]
    ML    96    95 3    98     3 -13.713  -0.000 -12.367                         -8.485 -8.545 -8.975  1.997 
     D    97    95 3    98     3  -6.174  -1.687  -0.566                         
    IL    98    98 3    98     3  -1.442  -0.798  -4.142                          0.000  0.000  0.000  0.000 
				[ MATL   33 ]
    ML    99    98 3   101     3 -13.713  -0.000 -12.367                         -9.089 -10.120  1.999 -9.882 
     D   100    98 3   101     3  -6.174  -1.687  -0.566                         
    IL   101   101 3   101     3  -1.442  -0.798  -4.142                          0.000  0.000  0.000  0.000 
				[ MATL   34 ]
    ML   102   101 3   104     3 -13.713  -0.000 -12.367                          0.283  0.420  0.252 -1.974 
     D   103   101 3   104     3  -6.174  -1.687  -0.566                         
    IL   104   104 3   104     3  -1.442  -0.798  -4.142                          0.000  0.000  0.000  0.000 
				[ MATL   35 ]
    ML   105   104 3   107     3 -13.713  -0.000 -12.367                          1.040 -0.152 -1.280 -0.662 
     D   106   104 3   107     3  -6.174  -1.687  -0.566                         
    IL   107   107 3   107     3  -1.442  -0.798  -4.142                          0.000  0.000  0.000  0.000 
				[ MATL   36 ]
    ML   108   107 3   110     3 -13.713  -0.000 -12.367                          1.345 -1.767 -3.686  0.121 
     D   109   107 3   110     3  -6.174  -1.687  -0.566                         
    IL   110   110 3   110     3  -1.442  -0.798  -4.142                          0.000  0.000  0.000  0.000 
				[ MATL   37 ]
    ML   111   110 3   113     3 -13.713  -0.000 -12.367                          0.756 -1.539  0.412 -0.652 
     D   112   110 3   113     3  -6.174  -1.687  -0.566                         
    IL   113   113 3   113     3  -1.442  -0.798  -4.142                          0.000  0.000  0.000  0.000 
				[ MATL   38 ]
    ML   114   113 3   116     3 -13.713  -0.000 -12.367                          1.256 -1.208 -2.319 -0.031 
     D   115   113 3   116     3  -6.174  -1.687  -0.566                         
    IL   116   116 3   116     3  -1.442  -0.798  -4.142                          0.000  0.000  0.000  0.000 
				[ MATL   39 ]
    ML   117   116 3   119     2       *   0.000                                  0.781 -1.152 -1.288  0.508 
     D   118   116 3   119     2       *   0.000                                 
    IL   119   119 3   119     2  -1.823  -0.479                                  0.000  0.000  0.000  0.000 
				[ END    40 ]
     E   120   119 3    -1     0                                                 
//
