INFERNAL-1 [1.0.2]
NAME     TRIT
GA       25.00
STATES   253
NODES    56
ALPHABET 1
ELSELF   -0.08926734
WBETA    1e-07
NSEQ     84
EFFNSEQ  1.831
CLEN     83
BCOM     cmbuild -F TRIT/CM TRIT/SEED
BDATE    Wed May 30 12:09:13 2012
CCOM     /home/ppg15/bin/cmcalibrate --mpi -s 1 /home/ppg15/motifs/TRIT/CM
CDATE    Wed May 30 13:04:45 2012
NULL     0.000  0.000  0.000  0.000 
PART     1        0    100  
E-LC     0      0.62998    -6.83551     1.49093     1500000      213427  0.005271
E-GC     0      0.49084   -13.44723    -2.58448     1500000       77555  0.004835
E-LI     0      0.63878    -4.79533     2.37269     1500000      109568  0.010268
E-GI     0      0.55172    -8.88334     0.37314     1500000       61938  0.006054
E-LV     0      0.61124    -2.25325     5.41424    15000000      122058  0.009217
E-GV     0      0.56420    -3.49321     6.70593    15000000      118338  0.003169
E-LF     0      0.62873     0.23392     7.67494    15000000      121049  0.009294
E-GF     0      0.60809    -0.68872     8.77528    15000000      118412  0.003167
FT-LC    36  0.99300  10000  1500000  0
         9.74176e-05 4.38897e-05 2.73368e-05 1.22435e-05 7.33578e-06 5.55225e-06 4.01718e-06 3.28752e-06 2.85486e-06 2.4068e-06 1.86715e-06 1.05322e-06 8.99253e-07 6.23903e-07 3.77952e-07 2.88133e-07 2.60234e-07 2.15284e-07 1.82442e-07 1.44169e-07 1.24744e-07 1.14842e-07 9.70176e-08 7.53762e-08 7.09465e-08 6.53308e-08 5.57371e-08 5.1422e-08 4.07243e-08 2.52937e-08 2.01914e-08 1.65444e-08 1.22623e-08 1.16235e-08 7.47342e-12 2.51685e-12 
            9318.65    8258.98    7398.47    6430.58    5778.71    5173.37     4180.3    3654.04    3124.52    2790.19    2476.01    2225.02    1991.94    1573.55    1412.26    1163.63    1046.33     922.11    801.478    704.113    616.634    553.429     474.42    423.656    364.089    309.765    278.014    249.988     218.38    193.182    172.728    153.858    134.405    131.058    36.3006    13.1058 
FT-LI    36  0.99300  10000  1500000  0
         6.50213e-05 3.04498e-05 1.84856e-05 9.9294e-06 5.09648e-06 4.58837e-06 3.63263e-06 2.77295e-06 2.12603e-06 1.85052e-06 9.94899e-07 7.45617e-07 5.85901e-07 3.65415e-07 3.16593e-07 2.2862e-07 1.91892e-07 1.77585e-07 1.53278e-07 1.00393e-07 9.48513e-08 7.97061e-08 6.62889e-08 6.25107e-08 5.45162e-08 4.31545e-08 3.81344e-08 3.59842e-08 2.11131e-08 1.58981e-08 1.2945e-08 8.73641e-09 7.89855e-09 7.83562e-09  8.144e-12 2.68169e-12 
            9318.65    8258.98    7398.47    6430.58    5778.71    5173.37     4180.3    3654.04    3124.52    2790.19    2476.01    2225.02    1953.49    1573.55    1412.26    1163.63    1046.33     922.11    821.373    737.646    661.206    588.231     498.58    446.071    364.089    309.765    278.014    249.988     218.38    193.182    172.728    153.858    134.405    131.058    36.3006    13.1058 
FT-GC    39  0.99300  10000  1500000  0
         0.000107245 5.61823e-05 4.93325e-05 3.70857e-05 3.26981e-05 2.39954e-05 2.05336e-05 2.0249e-05 1.56693e-05 1.29286e-05 9.2056e-06 8.79972e-06 7.74675e-06 5.99771e-06 5.41792e-06 4.38301e-06 3.54203e-06 2.97615e-06 2.35284e-06  2.157e-06 1.97376e-06 1.76099e-06 1.15047e-06 9.44117e-07 8.59547e-07 8.03869e-07 7.82522e-07 7.04056e-07 5.86424e-07 5.19003e-07 4.45931e-07 4.08768e-07 3.63215e-07 3.51368e-07 3.04699e-07 3.03912e-07 7.63784e-10 4.77993e-10 3.33395e-10 
            9491.44    8425.01    7232.41    6186.03    5531.19    4930.66    4432.92    3889.64    3488.49    2866.39    2566.08    2153.84    1937.58    1730.37    1540.63    1360.89    1219.79    1026.95    900.544    807.667    674.623    597.369    515.624    459.921    407.997    353.883    301.214    257.321    230.643    204.355    181.836    159.164    141.797    122.467    106.095    103.231      33.11    16.3039    10.3231 
FT-GI    38  0.99300  10000  1500000  0
         5.34843e-05 3.4704e-05 2.7017e-05 1.78192e-05 1.40996e-05 1.27312e-05 1.05979e-05 8.7099e-06 8.14236e-06 5.31315e-06 4.02182e-06 3.20412e-06 3.08834e-06 2.53379e-06 1.71962e-06 1.48811e-06 1.29159e-06 1.11828e-06 9.66951e-07 7.35309e-07 5.58789e-07 5.19734e-07 3.30297e-07 3.09193e-07 2.82419e-07 2.59906e-07 2.35846e-07 2.20475e-07 1.85835e-07 1.53247e-07 1.31624e-07 1.07866e-07 9.44869e-08 7.18878e-08 6.77859e-08 1.36398e-10 8.05417e-11 5.3776e-11 
            9491.44    8425.01    7232.41    6186.03    5531.19    4930.66    4432.92    3889.64    3454.71    2866.39    2566.08    2242.04    1998.62    1761.16    1572.81    1389.32    1238.48    1026.95    900.544    798.875    674.623    597.369    515.624    459.921    407.997    353.883    301.214    255.606    226.198    203.116    181.836    159.164    122.467    107.067    103.231      33.11    16.3039    10.3231 
MODEL:
				[ ROOT    0 ]
     S     0    -1 0     1     4  -6.907  -7.114  -0.085  -4.590                 
    IL     1     1 2     1     4  -1.686  -2.369  -1.117  -4.855                  0.000  0.000  0.000  0.000 
    IR     2     2 3     2     3  -1.442  -0.798  -4.142                          0.000  0.000  0.000  0.000 
				[ MATL    1 ]
    ML     3     2 3     5     3  -7.899  -0.022  -6.554                          0.333 -0.193 -0.100 -0.100 
     D     4     2 3     5     3  -6.395  -1.292  -0.787                         
    IL     5     5 3     5     3  -1.442  -0.798  -4.142                          0.000  0.000  0.000  0.000 
				[ MATL    2 ]
    ML     6     5 3     8     3  -7.926  -0.021  -6.580                          0.258 -0.526  0.287 -0.169 
     D     7     5 3     8     3  -6.174  -1.687  -0.566                         
    IL     8     8 3     8     3  -1.442  -0.798  -4.142                          0.000  0.000  0.000  0.000 
				[ MATL    3 ]
    ML     9     8 3    11     3  -7.926  -0.021  -6.580                          0.163  0.056 -0.132 -0.108 
     D    10     8 3    11     3  -6.174  -1.687  -0.566                         
    IL    11    11 3    11     3  -1.442  -0.798  -4.142                          0.000  0.000  0.000  0.000 
				[ MATL    4 ]
    ML    12    11 3    14     3  -7.926  -0.021  -6.580                          0.031 -0.021 -0.332  0.261 
     D    13    11 3    14     3  -6.174  -1.687  -0.566                         
    IL    14    14 3    14     3  -1.442  -0.798  -4.142                          0.000  0.000  0.000  0.000 
				[ MATL    5 ]
    ML    15    14 3    17     3  -7.926  -0.021  -6.580                          0.035 -0.257 -0.374  0.451 
     D    16    14 3    17     3  -6.174  -1.687  -0.566                         
    IL    17    17 3    17     3  -1.442  -0.798  -4.142                          0.000  0.000  0.000  0.000 
				[ MATL    6 ]
    ML    18    17 3    20     3  -7.926  -0.074  -4.440                          0.557 -0.234 -0.556 -0.003 
     D    19    17 3    20     3  -6.174  -1.687  -0.566                         
    IL    20    20 3    20     3  -1.442  -0.798  -4.142                          0.000  0.000  0.000  0.000 
				[ MATL    7 ]
    ML    21    20 3    23     3  -7.874  -0.022  -6.528                          0.363 -0.394  0.032 -0.105 
     D    22    20 3    23     3  -6.576  -1.200  -0.851                         
    IL    23    23 3    23     3  -1.442  -0.798  -4.142                          0.000  0.000  0.000  0.000 
				[ MATL    8 ]
    ML    24    23 3    26     3  -7.917  -0.029  -5.979                          0.274 -0.173  0.025 -0.174 
     D    25    23 3    26     3  -6.254  -1.767  -0.529                         
    IL    26    26 3    26     3  -1.442  -0.798  -4.142                          0.000  0.000  0.000  0.000 
				[ MATL    9 ]
    ML    27    26 3    29     3  -7.909  -0.021  -6.564                         -0.055 -0.249 -0.167  0.384 
     D    28    26 3    29     3  -6.317  -1.624  -0.593                         
    IL    29    29 3    29     3  -1.442  -0.798  -4.142                          0.000  0.000  0.000  0.000 
				[ MATL   10 ]
    ML    30    29 3    32     3  -7.917  -0.021  -6.571                          0.061  0.063 -0.329  0.158 
     D    31    29 3    32     3  -6.254  -1.525  -0.645                         
    IL    32    32 3    32     3  -1.442  -0.798  -4.142                          0.000  0.000  0.000  0.000 
				[ MATL   11 ]
    ML    33    32 3    35     3  -8.319  -0.019  -6.637                         -0.216 -0.289  0.423 -0.029 
     D    34    32 3    35     3  -5.620  -0.734  -1.403                         
    IL    35    35 3    35     3  -1.925  -0.554  -4.164                          0.000  0.000  0.000  0.000 
				[ MATR   12 ]
    MR    36    35 3    38     3  -8.319  -0.019  -6.637                          0.038 -0.331  0.109  0.137 
     D    37    35 3    38     3  -6.390  -1.568  -0.620                         
    IR    38    38 3    38     3  -1.925  -0.554  -4.164                          0.000  0.000  0.000  0.000 
				[ MATR   13 ]
    MR    39    38 3    41     3  -8.319  -0.019  -6.637                          0.176 -0.198 -0.040  0.037 
     D    40    38 3    41     3  -6.390  -1.568  -0.620                         
    IR    41    41 3    41     3  -1.925  -0.554  -4.164                          0.000  0.000  0.000  0.000 
				[ MATR   14 ]
    MR    42    41 3    44     3  -8.319  -0.019  -6.637                          0.289 -0.548  0.131 -0.000 
     D    43    41 3    44     3  -6.390  -1.568  -0.620                         
    IR    44    44 3    44     3  -1.925  -0.554  -4.164                          0.000  0.000  0.000  0.000 
				[ MATR   15 ]
    MR    45    44 3    47     3  -8.319  -0.019  -6.637                          0.517 -0.198 -0.457 -0.047 
     D    46    44 3    47     3  -6.390  -1.568  -0.620                         
    IR    47    47 3    47     3  -1.925  -0.554  -4.164                          0.000  0.000  0.000  0.000 
				[ MATR   16 ]
    MR    48    47 3    50     3  -8.319  -0.019  -6.637                          0.216 -0.413 -0.093  0.202 
     D    49    47 3    50     3  -6.390  -1.568  -0.620                         
    IR    50    50 3    50     3  -1.925  -0.554  -4.164                          0.000  0.000  0.000  0.000 
				[ MATR   17 ]
    MR    51    50 3    53     3  -8.319  -0.019  -6.637                          0.370 -0.238 -0.009 -0.207 
     D    52    50 3    53     3  -6.390  -1.568  -0.620                         
    IR    53    53 3    53     3  -1.925  -0.554  -4.164                          0.000  0.000  0.000  0.000 
				[ MATR   18 ]
    MR    54    53 3    56     3  -8.319  -0.019  -6.637                          0.221 -0.437  0.299 -0.208 
     D    55    53 3    56     3  -6.390  -1.568  -0.620                         
    IR    56    56 3    56     3  -1.925  -0.554  -4.164                          0.000  0.000  0.000  0.000 
				[ MATR   19 ]
    MR    57    56 3    59     3  -8.319  -0.019  -6.637                          0.168 -0.468  0.202  0.004 
     D    58    56 3    59     3  -6.390  -1.568  -0.620                         
    IR    59    59 3    59     3  -1.925  -0.554  -4.164                          0.000  0.000  0.000  0.000 
				[ MATR   20 ]
    MR    60    59 3    62     5  -7.060  -0.040  -6.876  -7.088  -7.980          0.086 -0.024  0.239 -0.367 
     D    61    59 3    62     5  -5.352  -0.707  -2.978  -4.409  -2.404         
    IR    62    62 3    62     5  -2.408  -0.496  -5.920  -4.087  -5.193          0.000  0.000  0.000  0.000 
				[ MATP   21 ]
    MP    63    62 3    67     6  -9.092  -9.031  -0.056  -7.147  -5.348  -8.483 -2.044 -1.859 -2.141  0.945 -1.918 -1.026  1.879 -2.029 -2.198  2.054 -1.016 -0.411  0.817 -1.824 -0.548 -1.710 
    ML    64    62 3    67     6  -6.250  -6.596  -1.310  -1.005  -6.446  -3.975  0.660 -0.612 -0.293 -0.076 
    MR    65    62 3    67     6  -6.988  -5.717  -1.625  -5.695  -0.829  -3.908  0.660 -0.612 -0.293 -0.076 
     D    66    62 3    67     6  -9.049  -7.747  -3.544  -4.226  -4.244  -0.319 
    IL    67    67 5    67     6  -2.579  -2.842  -0.760  -4.497  -5.274  -4.934  0.000  0.000  0.000  0.000 
    IR    68    68 6    68     5  -2.408  -0.496  -5.920  -4.087  -5.193          0.000  0.000  0.000  0.000 
				[ MATP   22 ]
    MP    69    68 6    73     6  -7.312  -7.990  -0.031  -7.773  -8.053  -8.448 -2.783 -1.946 -2.822  1.543 -2.965 -2.405  0.663 -2.902 -2.900  2.818 -2.705 -0.280  0.575 -2.616 -1.023 -2.324 
    ML    70    68 6    73     6  -6.298  -6.644  -1.242  -1.053  -6.494  -4.024  0.635 -0.644 -0.199 -0.096 
    MR    71    68 6    73     6  -7.296  -6.025  -1.138  -6.003  -1.137  -4.217  0.480 -0.328 -0.209 -0.084 
     D    72    68 6    73     6  -9.049  -7.747  -3.544  -4.226  -4.244  -0.319 
    IL    73    73 5    73     6  -2.639  -2.901  -0.721  -4.557  -5.333  -4.993  0.000  0.000  0.000  0.000 
    IR    74    74 6    74     5  -2.425  -0.490  -5.936  -4.104  -5.210          0.000  0.000  0.000  0.000 
				[ MATP   23 ]
    MP    75    74 6    79     6  -9.092  -9.031  -0.021  -7.808  -8.088  -8.483 -4.311 -4.680 -3.517 -0.643 -2.628 -4.199  3.532 -4.098 -5.034 -0.670 -3.634 -2.443  0.720 -4.599 -0.624 -3.606 
    ML    76    74 6    79     6  -6.250  -6.596  -1.310  -1.005  -6.446  -3.975  0.660 -0.612 -0.293 -0.076 
    MR    77    74 6    79     6  -6.988  -5.717  -1.625  -5.695  -0.829  -3.908  0.660 -0.612 -0.293 -0.076 
     D    78    74 6    79     6  -9.049  -7.747  -3.544  -4.226  -4.244  -0.319 
    IL    79    79 5    79     6  -2.579  -2.842  -0.760  -4.497  -5.274  -4.934  0.000  0.000  0.000  0.000 
    IR    80    80 6    80     5  -2.408  -0.496  -5.920  -4.087  -5.193          0.000  0.000  0.000  0.000 
				[ MATP   24 ]
    MP    81    80 6    85     6  -9.092  -9.031  -0.031  -7.808  -6.643  -8.483 -4.745 -3.238 -5.353  0.554 -5.281 -3.635 -0.710 -4.982 -4.219  3.588 -3.172 -1.011 -0.704 -3.749 -2.481 -4.059 
    ML    82    80 6    85     6  -6.250  -6.596  -1.310  -1.005  -6.446  -3.975  0.660 -0.612 -0.293 -0.076 
    MR    83    80 6    85     6  -6.988  -5.717  -1.625  -5.695  -0.829  -3.908  0.660 -0.612 -0.293 -0.076 
     D    84    80 6    85     6  -9.049  -7.747  -3.544  -4.226  -4.244  -0.319 
    IL    85    85 5    85     6  -2.579  -2.842  -0.760  -4.497  -5.274  -4.934  0.000  0.000  0.000  0.000 
    IR    86    86 6    86     5  -2.408  -0.496  -5.920  -4.087  -5.193          0.000  0.000  0.000  0.000 
				[ MATP   25 ]
    MP    87    86 6    91     6  -9.083  -9.022  -0.032  -7.123  -6.941  -8.473 -3.840 -3.033 -4.404  3.244 -4.161 -4.661  0.337 -3.731 -4.048  1.167 -4.227 -0.571  0.298 -4.078 -1.273 -3.058 
    ML    88    86 6    91     6  -6.250  -6.596  -1.310  -1.005  -6.446  -3.975  0.660 -0.612 -0.293 -0.076 
    MR    89    86 6    91     6  -7.088  -5.817  -1.586  -5.795  -0.832  -4.009  0.563 -0.611 -0.350  0.116 
     D    90    86 6    91     6  -9.049  -7.747  -3.544  -4.226  -4.244  -0.319 
    IL    91    91 5    91     6  -2.579  -2.842  -0.760  -4.497  -5.274  -4.934  0.000  0.000  0.000  0.000 
    IR    92    92 6    92     5  -2.408  -0.496  -5.920  -4.087  -5.193          0.000  0.000  0.000  0.000 
				[ MATP   26 ]
    MP    93    92 6    97     6  -9.077  -9.016  -0.022  -7.793  -8.072  -8.467 -4.599 -3.180 -5.254  0.704 -5.212 -3.988 -0.512 -4.855 -4.174  3.529 -3.307 -0.725 -0.499 -3.765 -2.251 -3.893 
    ML    94    92 6    97     6  -6.300  -6.646  -1.240  -1.055  -6.496  -4.025  0.634 -0.645 -0.196 -0.096 
    MR    95    92 6    97     6  -7.111  -5.840  -1.490  -5.819  -0.888  -4.032  0.576 -0.349 -0.395 -0.054 
     D    96    92 6    97     6  -9.049  -7.747  -3.544  -4.226  -4.244  -0.319 
    IL    97    97 5    97     6  -2.579  -2.842  -0.760  -4.497  -5.274  -4.934  0.000  0.000  0.000  0.000 
    IR    98    98 6    98     5  -2.408  -0.496  -5.920  -4.087  -5.193          0.000  0.000  0.000  0.000 
				[ MATP   27 ]
    MP    99    98 6   103     6  -9.089  -9.028  -0.021  -7.804  -8.084  -8.479 -4.430 -4.728 -3.358 -0.628 -3.114 -4.236  3.553 -3.685 -5.174 -0.601 -3.758 -2.455  0.642 -4.730 -0.813 -3.707 
    ML   100    98 6   103     6  -6.250  -6.596  -1.310  -1.005  -6.446  -3.975  0.660 -0.612 -0.293 -0.076 
    MR   101    98 6   103     6  -7.024  -5.753  -1.662  -5.731  -0.801  -3.945  0.638 -0.640 -0.210 -0.093 
     D   102    98 6   103     6  -9.049  -7.747  -3.544  -4.226  -4.244  -0.319 
    IL   103   103 5   103     6  -2.579  -2.842  -0.760  -4.497  -5.274  -4.934  0.000  0.000  0.000  0.000 
    IR   104   104 6   104     5  -2.408  -0.496  -5.920  -4.087  -5.193          0.000  0.000  0.000  0.000 
				[ MATP   28 ]
    MP   105   104 6   109     6  -9.089  -9.028  -0.021  -7.804  -8.084  -8.479 -3.960 -3.122 -4.508  3.315 -4.251 -4.812  0.259 -3.803 -4.133  1.031 -4.312 -0.814  0.235 -4.190 -1.309 -3.136 
    ML   106   104 6   109     6  -6.250  -6.596  -1.310  -1.005  -6.446  -3.975  0.660 -0.612 -0.293 -0.076 
    MR   107   104 6   109     6  -7.024  -5.753  -1.662  -5.731  -0.801  -3.945  0.610 -0.604 -0.310  0.014 
     D   108   104 6   109     6  -9.049  -7.747  -3.544  -4.226  -4.244  -0.319 
    IL   109   109 5   109     6  -2.579  -2.842  -0.760  -4.497  -5.274  -4.934  0.000  0.000  0.000  0.000 
    IR   110   110 6   110     5  -2.408  -0.496  -5.920  -4.087  -5.193          0.000  0.000  0.000  0.000 
				[ MATP   29 ]
    MP   111   110 6   115     6  -9.089  -9.028  -0.021  -7.804  -8.084  -8.479 -5.140 -3.472 -5.746  0.459 -5.488 -4.343 -0.331 -5.142 -4.508  3.571 -4.172 -1.011 -0.397 -4.120 -2.033 -4.155 
    ML   112   110 6   115     6  -6.250  -6.596  -1.310  -1.005  -6.446  -3.975  0.660 -0.612 -0.293 -0.076 
    MR   113   110 6   115     6  -7.024  -5.753  -1.662  -5.731  -0.801  -3.945  0.636 -0.521 -0.331 -0.068 
     D   114   110 6   115     6  -9.049  -7.747  -3.544  -4.226  -4.244  -0.319 
    IL   115   115 5   115     6  -2.579  -2.842  -0.760  -4.497  -5.274  -4.934  0.000  0.000  0.000  0.000 
    IR   116   116 6   116     5  -2.408  -0.496  -5.920  -4.087  -5.193          0.000  0.000  0.000  0.000 
				[ MATP   30 ]
    MP   117   116 6   121     6  -9.089  -9.028  -0.021  -7.804  -8.084  -8.479 -2.837 -2.507 -3.680  3.115 -3.459 -3.858  0.221 -3.171 -3.436  1.435 -3.765 -0.683  0.395 -3.376 -1.395 -2.195 
    ML   118   116 6   121     6  -6.250  -6.596  -1.310  -1.005  -6.446  -3.975  0.660 -0.612 -0.293 -0.076 
    MR   119   116 6   121     6  -7.024  -5.753  -1.552  -5.731  -0.865  -3.945  0.610 -0.604 -0.310  0.014 
     D   120   116 6   121     6  -9.049  -7.747  -3.544  -4.226  -4.244  -0.319 
    IL   121   121 5   121     6  -2.579  -2.842  -0.760  -4.497  -5.274  -4.934  0.000  0.000  0.000  0.000 
    IR   122   122 6   122     5  -2.408  -0.496  -5.920  -4.087  -5.193          0.000  0.000  0.000  0.000 
				[ MATP   31 ]
    MP   123   122 6   127     6  -9.092  -9.031  -0.021  -7.808  -8.088  -8.483 -4.990 -4.887 -4.158 -0.276 -3.524 -4.807  3.511 -4.486 -5.611 -0.194 -4.193 -1.881  0.671 -5.308 -0.784 -3.933 
    ML   124   122 6   127     6  -6.250  -6.596  -1.310  -1.005  -6.446  -3.975  0.660 -0.612 -0.293 -0.076 
    MR   125   122 6   127     6  -6.988  -5.717  -1.625  -5.695  -0.829  -3.908  0.660 -0.612 -0.293 -0.076 
     D   126   122 6   127     6  -9.049  -7.747  -3.544  -4.226  -4.244  -0.319 
    IL   127   127 5   127     6  -2.579  -2.842  -0.760  -4.497  -5.274  -4.934  0.000  0.000  0.000  0.000 
    IR   128   128 6   128     5  -2.408  -0.496  -5.920  -4.087  -5.193          0.000  0.000  0.000  0.000 
				[ MATP   32 ]
    MP   129   128 6   133     6  -9.092  -9.031  -0.021  -7.808  -8.088  -8.483 -4.673 -3.259 -5.337  0.856 -5.209 -4.188 -0.140 -4.856 -4.287  3.446 -3.972 -0.483 -0.215 -3.931 -1.893 -3.857 
    ML   130   128 6   133     6  -6.250  -6.596  -1.310  -1.005  -6.446  -3.975  0.660 -0.612 -0.293 -0.076 
    MR   131   128 6   133     6  -6.988  -5.717  -1.625  -5.695  -0.829  -3.908  0.660 -0.612 -0.293 -0.076 
     D   132   128 6   133     6  -9.049  -7.747  -3.544  -4.226  -4.244  -0.319 
    IL   133   133 5   133     6  -2.579  -2.842  -0.760  -4.497  -5.274  -4.934  0.000  0.000  0.000  0.000 
    IR   134   134 6   134     5  -2.408  -0.496  -5.920  -4.087  -5.193          0.000  0.000  0.000  0.000 
				[ MATP   33 ]
    MP   135   134 6   139     6  -9.092  -9.031  -0.021  -7.808  -8.088  -8.483 -4.756 -4.842 -4.043 -0.167 -3.353 -4.664  3.432 -4.410 -5.461 -0.071 -4.137 -1.889  0.895 -5.093 -0.441 -3.793 
    ML   136   134 6   139     6  -6.250  -6.596  -1.310  -1.005  -6.446  -3.975  0.660 -0.612 -0.293 -0.076 
    MR   137   134 6   139     6  -6.988  -5.717  -1.625  -5.695  -0.829  -3.908  0.660 -0.612 -0.293 -0.076 
     D   138   134 6   139     6  -9.049  -7.747  -3.544  -4.226  -4.244  -0.319 
    IL   139   139 5   139     6  -2.579  -2.842  -0.760  -4.497  -5.274  -4.934  0.000  0.000  0.000  0.000 
    IR   140   140 6   140     5  -2.408  -0.496  -5.920  -4.087  -5.193          0.000  0.000  0.000  0.000 
				[ MATP   34 ]
    MP   141   140 6   145     6  -9.092  -9.031  -0.026  -7.808  -7.219  -8.483 -2.700 -2.467 -3.689  3.158 -3.611 -3.821  0.099 -2.875 -3.458  1.429 -3.780 -0.551  0.201 -3.387 -1.512 -2.562 
    ML   142   140 6   145     6  -6.250  -6.596  -1.310  -1.005  -6.446  -3.975  0.660 -0.612 -0.293 -0.076 
    MR   143   140 6   145     6  -6.988  -5.717  -1.625  -5.695  -0.829  -3.908  0.660 -0.612 -0.293 -0.076 
     D   144   140 6   145     6  -9.049  -7.747  -3.544  -4.226  -4.244  -0.319 
    IL   145   145 5   145     6  -2.579  -2.842  -0.760  -4.497  -5.274  -4.934  0.000  0.000  0.000  0.000 
    IR   146   146 6   146     5  -2.408  -0.496  -5.920  -4.087  -5.193          0.000  0.000  0.000  0.000 
				[ MATP   35 ]
    MP   147   146 6   151     6  -9.088  -9.027  -0.021  -7.803  -8.083  -8.478 -3.291 -2.365 -3.906  2.502 -3.794 -3.944  0.560 -3.484 -3.511  2.314 -3.472 -0.399  0.716 -3.403 -1.177 -2.454 
    ML   148   146 6   151     6  -6.250  -6.596  -1.310  -1.005  -6.446  -3.975  0.660 -0.612 -0.293 -0.076 
    MR   149   146 6   151     6  -7.037  -4.268  -1.675  -5.744  -0.878  -3.958  0.600 -0.605 -0.318  0.036 
     D   150   146 6   151     6  -9.049  -7.747  -3.544  -4.226  -4.244  -0.319 
    IL   151   151 5   151     6  -2.579  -2.842  -0.760  -4.497  -5.274  -4.934  0.000  0.000  0.000  0.000 
    IR   152   152 6   152     5  -2.434  -0.486  -5.945  -4.113  -5.219          0.000  0.000  0.000  0.000 
				[ MATP   36 ]
    MP   153   152 6   157     6  -9.092  -9.031  -0.021  -7.808  -8.088  -8.483 -3.968 -3.126 -4.517  3.322 -4.265 -4.821  0.244 -3.807 -4.141  1.018 -4.323 -0.822  0.222 -4.199 -1.321 -3.144 
    ML   154   152 6   157     6  -6.250  -6.596  -1.310  -1.005  -6.446  -3.975  0.660 -0.612 -0.293 -0.076 
    MR   155   152 6   157     6  -6.988  -5.717  -1.625  -5.695  -0.829  -3.908  0.660 -0.612 -0.293 -0.076 
     D   156   152 6   157     6  -9.049  -7.747  -3.544  -4.226  -4.244  -0.319 
    IL   157   157 5   157     6  -2.579  -2.842  -0.760  -4.497  -5.274  -4.934  0.000  0.000  0.000  0.000 
    IR   158   158 6   158     5  -2.408  -0.496  -5.920  -4.087  -5.193          0.000  0.000  0.000  0.000 
				[ MATP   37 ]
    MP   159   158 6   163     6  -7.820  -7.794  -0.029  -7.808  -8.088  -8.483 -3.146 -2.309 -3.366  3.175 -3.684 -3.886  0.093 -3.179 -3.510  1.434 -3.836 -0.646  0.182 -3.455 -1.527 -2.601 
    ML   160   158 6   163     6  -6.250  -6.596  -1.310  -1.005  -6.446  -3.975  0.660 -0.612 -0.293 -0.076 
    MR   161   158 6   163     6  -6.988  -5.717  -1.625  -5.695  -0.829  -3.908  0.660 -0.612 -0.293 -0.076 
     D   162   158 6   163     6  -9.049  -7.747  -3.544  -4.226  -4.244  -0.319 
    IL   163   163 5   163     6  -2.615  -2.878  -0.736  -4.533  -5.310  -4.970  0.000  0.000  0.000  0.000 
    IR   164   164 6   164     5  -2.430  -0.487  -5.942  -4.109  -5.215          0.000  0.000  0.000  0.000 
				[ MATP   38 ]
    MP   165   164 6   169     6  -9.092  -9.031  -0.021  -7.808  -8.088  -8.483 -2.932 -2.675 -3.338  1.294 -2.658 -3.561  1.212 -3.236 -3.176  2.347 -2.833 -0.526  1.799 -2.499 -0.719 -2.340 
    ML   166   164 6   169     6  -6.250  -6.596  -1.310  -1.005  -6.446  -3.975  0.660 -0.612 -0.293 -0.076 
    MR   167   164 6   169     6  -6.988  -5.717  -1.625  -5.695  -0.829  -3.908  0.660 -0.612 -0.293 -0.076 
     D   168   164 6   169     6  -9.049  -7.747  -3.544  -4.226  -4.244  -0.319 
    IL   169   169 5   169     6  -2.579  -2.842  -0.760  -4.497  -5.274  -4.934  0.000  0.000  0.000  0.000 
    IR   170   170 6   170     5  -2.408  -0.496  -5.920  -4.087  -5.193          0.000  0.000  0.000  0.000 
				[ MATP   39 ]
    MP   171   170 6   175     6  -9.092  -9.031  -0.021  -7.808  -8.088  -8.483 -4.853 -4.803 -4.129 -0.010 -3.438 -4.751  3.429 -4.446 -5.499  0.062 -4.191 -1.797  0.858 -5.155 -0.702 -3.817 
    ML   172   170 6   175     6  -6.250  -6.596  -1.310  -1.005  -6.446  -3.975  0.660 -0.612 -0.293 -0.076 
    MR   173   170 6   175     6  -6.988  -5.717  -1.625  -5.695  -0.829  -3.908  0.660 -0.612 -0.293 -0.076 
     D   174   170 6   175     6  -9.049  -7.747  -3.544  -4.226  -4.244  -0.319 
    IL   175   175 5   175     6  -2.579  -2.842  -0.760  -4.497  -5.274  -4.934  0.000  0.000  0.000  0.000 
    IR   176   176 6   176     5  -2.408  -0.496  -5.920  -4.087  -5.193          0.000  0.000  0.000  0.000 
				[ MATP   40 ]
    MP   177   176 6   181     6  -9.092  -9.031  -0.021  -7.808  -8.088  -8.483 -2.537 -2.441 -2.627  1.571 -2.710 -3.364  1.645 -2.974 -3.028  2.201 -2.777 -0.281  1.214 -2.766 -0.648 -2.237 
    ML   178   176 6   181     6  -6.250  -6.596  -1.310  -1.005  -6.446  -3.975  0.660 -0.612 -0.293 -0.076 
    MR   179   176 6   181     6  -6.988  -5.717  -1.625  -5.695  -0.829  -3.908  0.660 -0.612 -0.293 -0.076 
     D   180   176 6   181     6  -9.049  -7.747  -3.544  -4.226  -4.244  -0.319 
    IL   181   181 5   181     6  -2.579  -2.842  -0.760  -4.497  -5.274  -4.934  0.000  0.000  0.000  0.000 
    IR   182   182 6   182     5  -2.408  -0.496  -5.920  -4.087  -5.193          0.000  0.000  0.000  0.000 
				[ MATP   41 ]
    MP   183   182 6   187     6  -9.092  -9.031  -0.025  -7.808  -7.290  -8.483 -4.504 -4.769 -3.665 -0.675 -3.152 -3.695  3.569 -3.806 -5.267 -0.619 -3.752 -2.519  0.594 -4.796 -0.893 -3.767 
    ML   184   182 6   187     6  -6.250  -6.596  -1.310  -1.005  -6.446  -3.975  0.660 -0.612 -0.293 -0.076 
    MR   185   182 6   187     6  -6.988  -5.717  -1.625  -5.695  -0.829  -3.908  0.660 -0.612 -0.293 -0.076 
     D   186   182 6   187     6  -9.049  -7.747  -3.544  -4.226  -4.244  -0.319 
    IL   187   187 5   187     6  -2.579  -2.842  -0.760  -4.497  -5.274  -4.934  0.000  0.000  0.000  0.000 
    IR   188   188 6   188     5  -2.408  -0.496  -5.920  -4.087  -5.193          0.000  0.000  0.000  0.000 
				[ MATP   42 ]
    MP   189   188 6   193     6  -9.088  -5.199  -0.063  -7.079  -8.084  -8.479 -4.344 -4.099 -4.213  1.299 -3.338 -4.759  2.998 -4.229 -4.758  0.721 -4.234 -1.197  1.137 -4.506 -0.551 -3.338 
    ML   190   188 6   193     6  -6.250  -6.596  -1.310  -1.005  -6.446  -3.975  0.660 -0.612 -0.293 -0.076 
    MR   191   188 6   193     6  -7.032  -5.761  -1.538  -5.739  -0.873  -3.952  0.604 -0.605 -0.315  0.027 
     D   192   188 6   193     6  -9.049  -7.747  -3.544  -4.226  -4.244  -0.319 
    IL   193   193 5   193     6  -2.579  -2.842  -0.760  -4.497  -5.274  -4.934  0.000  0.000  0.000  0.000 
    IR   194   194 6   194     5  -2.608  -0.422  -6.120  -4.287  -5.393          0.000  0.000  0.000  0.000 
				[ MATP   43 ]
    MP   195   194 6   199     6  -9.088  -9.027  -0.057  -7.081  -5.352  -8.478 -3.978 -4.288 -3.550 -0.216 -2.588 -4.120  3.380 -3.250 -4.577 -0.255 -3.706 -1.997  1.112 -4.185 -0.569 -3.262 
    ML   196   194 6   199     6  -6.304  -6.650  -1.234  -1.059  -6.500  -4.030  0.721 -0.655 -0.336 -0.112 
    MR   197   194 6   199     6  -6.988  -5.717  -1.625  -5.695  -0.829  -3.908  0.660 -0.612 -0.293 -0.076 
     D   198   194 6   199     6  -9.049  -7.747  -3.544  -4.226  -4.244  -0.319 
    IL   199   199 5   199     6  -2.579  -2.842  -0.760  -4.497  -5.274  -4.934  0.000  0.000  0.000  0.000 
    IR   200   200 6   200     5  -2.408  -0.496  -5.920  -4.087  -5.193          0.000  0.000  0.000  0.000 
				[ MATP   44 ]
    MP   201   200 6   205     6  -6.732  -7.757  -0.144  -3.942  -7.283  -6.723 -2.277 -1.811 -2.521  2.188 -2.348 -2.467  0.763 -1.913 -2.253  2.072 -2.343 -0.228  0.841 -2.009 -0.739 -1.589 
    ML   202   200 6   205     6  -6.304  -6.650  -1.234  -1.059  -6.500  -4.029  0.601 -0.605 -0.317  0.032 
    MR   203   200 6   205     6  -4.092  -6.023  -1.317  -6.002  -1.136  -4.215  0.515 -0.585 -0.465  0.239 
     D   204   200 6   205     6  -9.049  -7.747  -3.544  -4.226  -4.244  -0.319 
    IL   205   205 5   205     6  -2.751  -3.014  -0.694  -4.117  -5.445  -5.106  0.000  0.000  0.000  0.000 
    IR   206   206 6   206     5  -2.430  -0.487  -5.942  -4.109  -5.215          0.000  0.000  0.000  0.000 
				[ MATP   45 ]
    MP   207   206 6   211     6  -8.987  -8.926  -0.023  -7.703  -7.982  -8.378 -2.915 -2.293 -3.322  2.183 -2.861 -3.536  1.284 -3.082 -3.168  1.912 -3.197 -0.190  1.268 -2.946 -0.757 -1.969 
    ML   208   206 6   211     6  -7.102  -7.448  -0.660  -1.678  -7.298  -4.827  0.982 -0.772 -0.616 -0.346 
    MR   209   206 6   211     6  -7.030  -5.759  -1.541  -5.737  -0.871  -3.951  0.605 -0.605 -0.314  0.024 
     D   210   206 6   211     6  -9.197  -7.895  -2.516  -4.374  -4.392  -0.467 
    IL   211   211 5   211     6  -2.579  -2.842  -0.760  -4.497  -5.274  -4.934  0.000  0.000  0.000  0.000 
    IR   212   212 6   212     5  -2.408  -0.496  -5.920  -4.087  -5.193          0.000  0.000  0.000  0.000 
				[ MATP   46 ]
    MP   213   212 6   217     6  -9.085  -9.024  -0.034  -6.770  -7.416  -7.819 -2.377 -2.617 -2.775  1.891 -2.402 -3.425  1.622 -2.965 -3.081  1.501 -3.163 -0.516  1.783 -2.789 -0.506 -1.976 
    ML   214   212 6   217     6  -6.342  -6.688  -1.185  -1.097  -6.538  -4.067  0.758 -0.682 -0.364 -0.138 
    MR   215   212 6   217     6  -6.988  -5.717  -1.625  -5.695  -0.829  -3.908  0.660 -0.612 -0.293 -0.076 
     D   216   212 6   217     6  -9.049  -7.747  -3.544  -4.226  -4.244  -0.319 
    IL   217   217 5   217     6  -2.579  -2.842  -0.760  -4.497  -5.274  -4.934  0.000  0.000  0.000  0.000 
    IR   218   218 6   218     5  -2.408  -0.496  -5.920  -4.087  -5.193          0.000  0.000  0.000  0.000 
				[ MATP   47 ]
    MP   219   218 6   223     6  -9.080  -7.904  -0.034  -7.796  -6.622  -8.470 -2.848 -2.585 -3.190  1.942 -2.550 -3.482  1.460 -2.719 -2.800  1.701 -3.176 -0.448  1.715 -2.850 -0.559 -2.054 
    ML   220   218 6   223     6  -6.336  -6.682  -1.192  -1.091  -6.532  -4.061  0.594 -0.637 -0.203 -0.031 
    MR   221   218 6   223     6  -7.023  -5.752  -1.555  -5.730  -0.864  -3.943  0.706 -0.644 -0.326 -0.103 
     D   222   218 6   223     6  -9.087  -7.786  -3.188  -4.265  -4.282  -0.358 
    IL   223   223 5   223     6  -2.579  -2.842  -0.760  -4.497  -5.274  -4.934  0.000  0.000  0.000  0.000 
    IR   224   224 6   224     5  -2.427  -0.489  -5.938  -4.106  -5.212          0.000  0.000  0.000  0.000 
				[ MATP   48 ]
    MP   225   224 6   229     6  -9.083  -9.022  -0.021  -7.798  -8.078  -8.473 -2.731 -2.658 -2.682  1.399 -2.191 -3.034  1.975 -2.853 -3.015  1.275 -3.065 -0.432  1.922 -2.454 -0.240 -1.933 
    ML   226   224 6   229     6  -6.250  -6.596  -1.310  -1.005  -6.446  -3.975  0.660 -0.612 -0.293 -0.076 
    MR   227   224 6   229     6  -7.089  -5.818  -1.434  -5.797  -0.930  -4.010  0.781 -0.700 -0.381 -0.154 
     D   228   224 6   229     6  -9.049  -7.747  -3.544  -4.226  -4.244  -0.319 
    IL   229   229 5   229     6  -2.579  -2.842  -0.760  -4.497  -5.274  -4.934  0.000  0.000  0.000  0.000 
    IR   230   230 6   230     5  -2.408  -0.496  -5.920  -4.087  -5.193          0.000  0.000  0.000  0.000 
				[ MATP   49 ]
    MP   231   230 6   235     4  -6.907  -5.405  -0.119  -4.399                 -4.021 -3.586 -4.198  1.089 -3.338 -4.538  2.483 -4.057 -4.326  1.875 -4.053 -0.713  1.371 -4.068 -0.462 -3.069 
    ML   232   230 6   235     4  -3.758  -3.940  -0.507  -2.670                  0.660 -0.612 -0.293 -0.076 
    MR   233   230 6   235     4  -4.809  -3.838  -1.706  -0.766                  0.660 -0.612 -0.293 -0.076 
     D   234   230 6   235     4  -4.568  -4.250  -2.265  -0.520                 
    IL   235   235 5   235     4  -1.686  -2.369  -1.117  -4.855                  0.000  0.000  0.000  0.000 
    IR   236   236 6   236     3  -1.278  -0.895  -4.323                          0.000  0.000  0.000  0.000 
				[ MATL   50 ]
    ML   237   236 6   239     3  -7.891  -0.022  -6.546                          0.120 -0.178  0.199 -0.182 
     D   238   236 6   239     3  -6.455  -1.210  -0.846                         
    IL   239   239 3   239     3  -1.442  -0.798  -4.142                          0.000  0.000  0.000  0.000 
				[ MATL   51 ]
    ML   240   239 3   242     3  -7.926  -0.021  -6.580                          0.025 -0.505  0.531 -0.263 
     D   241   239 3   242     3  -6.174  -1.687  -0.566                         
    IL   242   242 3   242     3  -1.442  -0.798  -4.142                          0.000  0.000  0.000  0.000 
				[ MATL   52 ]
    ML   243   242 3   245     3  -7.926  -0.110  -3.846                         -0.038 -0.091  0.273 -0.188 
     D   244   242 3   245     3  -6.174  -1.687  -0.566                         
    IL   245   245 3   245     3  -1.442  -0.798  -4.142                          0.000  0.000  0.000  0.000 
				[ MATL   53 ]
    ML   246   245 3   248     3  -7.838  -0.291  -2.486                          0.257  0.018 -0.483  0.107 
     D   247   245 3   248     3  -6.790  -2.026  -0.424                         
    IL   248   248 3   248     3  -1.442  -0.798  -4.142                          0.000  0.000  0.000  0.000 
				[ MATL   54 ]
    ML   249   248 3   251     2       *   0.000                                  0.052  0.055  0.003 -0.116 
     D   250   248 3   251     2       *   0.000                                 
    IL   251   251 3   251     2  -1.823  -0.479                                  0.000  0.000  0.000  0.000 
				[ END    55 ]
     E   252   251 3    -1     0                                                 
//
