INFERNAL1/a [1.1rc1 | June 2012]
NAME     CsrA_binding
DESC     CsrA/RsmA binding motif
STATES   49
NODES    12
CLEN     15
W        58
ALPH     RNA
RF       no
CONS     yes
MAP      yes
DATE     Thu Sep 20 14:24:39 2012
COM      [1] /share/data/bin/cmbuild -F /share/data/people/ppg15/motifs/CsrA_binding/CM /share/data/people/ppg15/motifs/CsrA_binding/SEED
COM      [2] /share/data/bin/cmcalibrate --mpi --seed 1 /share/data/people/ppg15/motifs/CsrA_binding/CM
PBEGIN   0.05
PEND     0.05
WBETA    1e-07
QDBBETA1 1e-07
QDBBETA2 1e-15
N2OMEGA  1.52588e-05
N3OMEGA  1.52588e-05
ELSELF   -0.08926734
NSEQ     267
EFFN     267.000000
CKSUM    2074702544
NULL     0.000  0.000  0.000  0.000 
GA       7.00
EFP7GF   0.0169 0.85568
ECMLC    0.60466    -4.41174     5.41867     1600000      457783  0.002621
ECMGC    0.62154    -3.50569     7.30982     1600000      332266  0.001204
ECMLI    0.65589    -2.87267     5.75979     1600000      345246  0.003476
ECMGI    0.63110    -3.16230     7.39289     1600000      312660  0.001279
CM
                                             [ ROOT    0 ]      -      - - - - -
     S     0    -1 0     1     6     1     1    58   106 -14.001 -13.940  -0.009 -12.717 -12.997  -7.483 
    IL     1     1 2     1     6     1     1    60   107  -2.579  -2.842  -0.760  -4.497  -5.274  -4.934  0.000  0.000  0.000  0.000 
    IR     2     2 3     2     5     1     1    59   107  -2.408  -0.496  -5.920  -4.087  -5.193          0.000  0.000  0.000  0.000 
                                             [ MATP    1 ]      1     30 g c - -
    MP     3     2 3     7     6     2     2    58   106  -1.400  -6.771  -1.702  -6.166  -5.327  -1.912 -1.324 -2.020 -3.508  0.750 -2.191 -6.257  1.557 -2.619 -1.272  1.963  0.335  0.639  1.068 -2.310 -1.209 -1.373 
    ML     4     2 3     7     6     1     1    49    97  -6.250  -6.596  -1.310  -1.005  -6.446  -3.975  0.368 -0.385 -0.191  0.094 
    MR     5     2 3     7     6     1     1    49    96  -6.988  -5.717  -1.625  -5.695  -0.829  -3.908  0.368 -0.385 -0.191  0.094 
     D     6     2 3     7     6     0     0    55   102 -10.962  -0.443  -5.457  -6.139  -6.157  -2.232 
    IL     7     7 5     7     6     1     2    59   107  -0.833  -1.198  -8.741 -12.478 -13.255 -12.915  0.000  0.000  0.000  0.000 
    IR     8     8 6     8     5     1     1    56   103  -0.559  -2.096 -13.690  -7.024  -3.652          0.000  0.000  0.000  0.000 
                                             [ MATP    2 ]      6     23 c g - -
    MP     9     8 6    13     6     2     2    35    61 -13.241 -13.180  -0.091 -11.957 -12.236  -4.053 -7.564 -7.257 -7.563 -0.689 -6.436 -8.404  2.665 -7.087 -7.424  1.618 -7.936  0.868  1.498 -7.744  0.324 -6.143 
    ML    10     8 6    13     6     1     1    34    60  -8.932  -9.278  -0.141  -3.687  -9.128  -6.657  1.591 -1.313 -1.974 -1.600 
    MR    11     8 6    13     6     1     1    32    59 -10.644  -9.373  -5.281  -9.351  -0.051  -7.564 -4.745  1.951 -5.309 -3.825 
     D    12     8 6    13     6     0     0    32    59 -16.566 -15.265  -0.713 -11.744  -5.516  -1.443 
    IL    13    13 5    13     6     1     1    34    61  -2.579  -2.842  -0.760  -4.497  -5.274  -4.934  0.000  0.000  0.000  0.000 
    IR    14    14 6    14     5     1     1    34    61  -2.408  -0.496  -5.920  -4.087  -5.193          0.000  0.000  0.000  0.000 
                                             [ MATP    3 ]      7     22 c g - -
    MP    15    14 6    19     6     2     4    33    59 -13.662 -13.601  -0.001 -12.378 -12.658 -13.053 -4.124 -1.521 -6.459  1.483 -3.538 -7.305  2.546 -6.566 -6.477  1.444 -7.031  0.381  1.215 -6.606 -1.901 -2.300 
    ML    16    14 6    19     6     1     1    32    58  -6.250  -6.596  -1.310  -1.005  -6.446  -3.975  0.368 -0.385 -0.191  0.094 
    MR    17    14 6    19     6     1     1    31    58 -10.923  -9.652  -4.037  -9.630  -0.102  -7.844  1.882 -2.625 -3.807 -3.651 
     D    18    14 6    19     6     0     0    29    56 -15.466 -14.164  -2.888 -10.643  -4.748  -0.274 
    IL    19    19 5    19     6     1     1    32    59  -2.579  -2.842  -0.760  -4.497  -5.274  -4.934  0.000  0.000  0.000  0.000 
    IR    20    20 6    20     5     1     1    32    59  -2.408  -0.496  -5.920  -4.087  -5.193          0.000  0.000  0.000  0.000 
                                             [ MATP    4 ]      8     21 u a - -
    MP    21    20 6    25     6     2     2    31    57 -13.706 -13.645  -0.075 -12.422 -12.702  -4.312 -5.785 -5.926 -2.760  1.171 -4.006 -6.809  1.111 -6.187 -6.003  1.952 -4.107 -2.915  2.700 -3.483 -1.023 -2.593 
    ML    22    20 6    25     6     1     1    30    57  -6.250  -6.596  -1.310  -1.005  -6.446  -3.975  0.368 -0.385 -0.191  0.094 
    MR    23    20 6    25     6     1     1    30    57 -11.060  -9.789  -5.698  -1.223  -0.871  -7.981 -0.090 -0.733 -0.620  0.855 
     D    24    20 6    25     6     0     0    29    55 -15.196 -13.894  -1.035 -10.373 -10.390  -0.970 
    IL    25    25 5    25     6     1     1    31    57  -2.579  -2.842  -0.760  -4.497  -5.274  -4.934  0.000  0.000  0.000  0.000 
    IR    26    26 6    26     5     1     1    30    57  -2.408  -0.496  -5.920  -4.087  -5.193          0.000  0.000  0.000  0.000 
                                             [ MATP    5 ]      9     20 C G - -
    MP    27    26 6    31     4     2     2    29    55  -2.013  -3.402  -0.605 -11.570                 -10.712 -10.955 -1.675  0.096 -2.314 -10.221  3.729 -9.332 -10.153 -7.105 -10.287 -9.274 -0.706 -10.562 -0.931 -8.951 
    ML    28    26 6    31     4     1     1    30    56  -0.200  -6.781  -3.347  -5.510                  1.931 -4.291 -3.768 -4.004 
    MR    29    26 6    31     4     1     1    28    55  -1.485  -7.292  -0.779  -4.220                 -0.875 -2.145 -2.786  1.625 
     D    30    26 6    31     4     0     0    29    55  -0.026  -9.986  -8.002  -6.257                 
    IL    31    31 5    31     4     1     1    29    55  -1.005  -3.422  -1.292 -12.738                  0.000  0.000  0.000  0.000 
    IR    32    32 6    32     3     1     1    14    33  -6.074  -0.025  -8.774                          0.000  0.000  0.000  0.000 
                                             [ MATL    6 ]     14      - A - - -
    ML    33    32 6    35     3     1     1    13    32 -14.112  -0.000 -12.766                          1.575 -1.043 -1.980 -1.829 
     D    34    32 6    35     3     0     0    17    35  -6.174  -1.687  -0.566                         
    IL    35    35 3    35     3     1     1    21    39  -1.442  -0.798  -4.142                          0.000  0.000  0.000  0.000 
                                             [ MATL    7 ]     15      - G - - -
    ML    36    35 3    38     3     1     1    12    30 -14.112  -0.009  -7.384                         -3.385 -4.102  1.905 -3.293 
     D    37    35 3    38     3     0     0    15    34  -6.174  -1.687  -0.566                         
    IL    38    38 3    38     3     1     1    20    38  -1.442  -0.798  -4.142                          0.000  0.000  0.000  0.000 
                                             [ MATL    8 ]     16      - G - - -
    ML    39    38 3    41     3     1     1    10    29 -14.103  -0.000 -12.757                         -8.660 -3.484  1.966 -9.377 
     D    40    38 3    41     3     0     0    13    31  -8.446  -0.222  -2.838                         
    IL    41    41 3    41     3     1     1    19    37  -1.442  -0.798  -4.142                          0.000  0.000  0.000  0.000 
                                             [ MATL    9 ]     17      - A - - -
    ML    42    41 3    44     3     1     1     9    27 -14.112  -0.000 -12.766                          1.901 -9.313 -1.941 -9.041 
     D    43    41 3    44     3     0     0    13    32  -6.174  -1.687  -0.566                         
    IL    44    44 3    44     3     1     1    18    36  -1.442  -0.798  -4.142                          0.000  0.000  0.000  0.000 
                                             [ MATL   10 ]     18      - u - - -
    ML    45    44 3    47     2     1     1     1     1       *   0.000                                 -0.188 -0.461 -0.402  0.713 
     D    46    44 3    47     2     0     0     0     0       *   0.000                                 
    IL    47    47 3    47     2     1     1    13    28  -1.823  -0.479                                  0.000  0.000  0.000  0.000 
                                             [ END    11 ]      -      - - - - -
     E    48    47 3    -1     0     0     0     0     0                                                 
//
HMMER3/f [i1.1rc1 | June 2012]
NAME  CsrA_binding
DESC  CsrA/RsmA binding motif
LENG  15
MAXL  62
ALPH  RNA
RF    no
MM    no
CONS  yes
CS    yes
MAP   yes
DATE  Thu Sep 20 14:24:39 2012
COM   [1] /share/data/bin/cmbuild -F /share/data/people/ppg15/motifs/CsrA_binding/CM /share/data/people/ppg15/motifs/CsrA_binding/SEED
NSEQ  267
EFFN  84.802322
CKSUM 2074702544
STATS LOCAL MSV       -7.1665  0.85568
STATS LOCAL VITERBI   -7.8761  0.85568
STATS LOCAL FORWARD   -1.7699  0.85568
HMM          A        C        G        U   
            m->m     m->i     m->d     i->m     i->i     d->m     d->d
  COMPO   1.38438  1.53617  1.04139  1.70730
          1.38629  1.38629  1.38629  1.38629
          0.00075  7.89242  7.89242  1.46634  0.26236  0.00000        *
      1   1.82897  1.54782  0.87243  1.56650      1 g - - <
          1.38629  1.38629  1.38629  1.38629
          0.92415  1.18134  1.21651  0.92989  0.50186  1.09861  0.40547
      2   2.74948  0.95407  1.23843  1.34312      6 c - - <
          1.38629  1.38629  1.38629  1.38629
          0.07899  7.54642  2.58468  1.46634  0.26236  0.79092  0.60409
      3   1.59727  1.03365  1.39099  1.64498      7 c - - <
          1.38629  1.38629  1.38629  1.38629
          0.00094  7.65804  7.65804  1.46634  0.26236  2.13462  0.12589
      4   1.82547  1.85871  1.38407  0.83834      8 u - - <
          1.38629  1.38629  1.38629  1.38629
          0.00092  7.68932  7.68932  1.46634  0.26236  0.09046  2.44773
      5   2.28881  0.20342  5.31708  2.55396      9 C - - <
          1.38629  1.38629  1.38629  1.38629
          0.39753  1.11583  7.88227  0.58776  0.81097  0.04534  3.11616
      6   0.30334  2.10892  2.72591  2.59299     14 A - - _
          1.38629  1.38629  1.38629  1.38629
          0.00074  7.89804  7.89804  1.46634  0.26236  1.09861  0.40547
      7   3.53632  4.07289  0.07765  3.55560     15 G - - _
          1.38629  1.38629  1.38629  1.38629
          0.00660  7.89804  5.08190  1.46634  0.26236  1.09861  0.40547
      8   6.22453  3.83883  0.02502  6.71632     16 G - - _
          1.38629  1.38629  1.38629  1.38629
          0.00075  7.89219  7.89219  1.46634  0.26236  0.11304  2.23603
      9   0.06988  6.52129  2.74386  6.37554     17 A - - _
          1.38629  1.38629  1.38629  1.38629
          0.00074  7.89804  7.89804  1.46634  0.26236  1.09861  0.40547
     10   1.49041  1.70163  1.66632  0.90784     18 u - - _
          1.38629  1.38629  1.38629  1.38629
          0.31121  1.97630  2.04904  0.00535  5.23287  1.09861  0.40547
     11   2.82249  5.07492  0.16057  2.49340     20 G - - >
          1.38629  1.38629  1.38629  1.38629
          0.08443  7.76051  2.51900  1.46634  0.26236  0.81682  0.58310
     12   0.95978  1.43645  1.63367  1.69260     21 a - - >
          1.38629  1.38629  1.38629  1.38629
          0.03589  7.74557  3.35749  1.46634  0.26236  5.94984  0.00261
     13   1.62407  1.67922  1.02366  1.35826     22 g - - >
          1.38629  1.38629  1.38629  1.38629
          0.20308  7.71057  1.69641  1.46634  0.26236  1.46241  0.26354
     14   1.71871  1.49505  0.81340  1.87654     23 g - - >
          1.38629  1.38629  1.38629  1.38629
          0.78950  0.60622  7.56215  1.08962  0.40999  0.00262  5.94680
     15   1.60070  1.33826  1.21841  1.42610     30 g - - >
          1.38629  1.38629  1.38629  1.38629
          0.00037  7.89205        *  1.46634  0.26236  0.00000        *
//
