INFERNAL-1 [1.0.2]
NAME     T-loop
GA       9.20
STATES   55
NODES    14
ALPHABET 1
ELSELF   -0.08926734
WBETA    1e-07
NSEQ     90
EFFNSEQ  90.000
CLEN     17
BCOM     cmbuild -F T-loop/CM T-loop/SEED
BDATE    Wed May 30 12:09:12 2012
CCOM     /home/ppg15/bin/cmcalibrate --mpi -s 1 /home/ppg15/motifs/T-loop/CM
CDATE    Wed May 30 13:04:08 2012
NULL     0.000  0.000  0.000  0.000 
PART     1        0    100  
E-LC     0      0.73382    -1.46994     6.23429     1500000      320950  0.003505
E-GC     0      0.87202    -0.60441     7.11978     1500000      315712  0.001188
E-LI     0      0.77970    -0.25570     6.78773     1500000      273026  0.004120
E-GI     0      0.97454     0.55947     7.33378     1500000      276165  0.001358
E-LV     0      1.43451     2.31805     6.04972    15000000      237680  0.004733
E-GV     0      1.58826     1.48815     5.45112    15000000      203037  0.001847
E-LF     0      1.62050     3.64097     6.94011    15000000      236052  0.004766
E-GF     0      1.85887     3.14004     6.52209    15000000      201538  0.001861
FT-LC    2  0.99300  10000  1500000  0
            14.8543    14.3159 
            13256.8    11873.6 
FT-LI    6  0.99300  10000  1500000  0
            16.4512     15.991    15.0104    14.3384    13.8882     13.478 
            13517.1    11873.6    10583.1    9326.51    8272.56    7173.12 
FT-GC    0  0.99300  10000  1500000  0
         
         
FT-GI    2  0.99300  10000  1500000  0
            7.52351    7.04088 
            10633.6    9564.52 
MODEL:
				[ ROOT    0 ]
     S     0    -1 0     1     6  -1.914  -5.730  -1.012 -11.222 -11.501  -2.188 
    IL     1     1 2     1     6  -0.716  -1.390  -6.936 -10.673 -11.449 -11.109  0.000  0.000  0.000  0.000 
    IR     2     2 3     2     5  -0.677  -1.425 -11.557  -9.724 -10.830          0.000  0.000  0.000  0.000 
				[ MATP    1 ]
    MP     3     2 3     7     6  -4.122 -12.088  -0.140 -10.865  -4.869 -11.540 -7.337 -6.349 -8.070  0.924 -7.526 -8.128  2.272 -7.521 -7.519  2.522 -7.194  0.170  1.174 -7.515 -3.652 -6.319 
    ML     4     2 3     7     6  -6.250  -6.596  -1.310  -1.005  -6.446  -3.975  0.660 -0.612 -0.293 -0.076 
    MR     5     2 3     7     6  -6.988  -5.717  -1.625  -5.695  -0.829  -3.908  0.660 -0.612 -0.293 -0.076 
     D     6     2 3     7     6 -14.375 -13.073  -1.026  -9.552  -9.570  -0.982 
    IL     7     7 5     7     6  -1.952  -1.135  -1.877  -7.376  -8.153  -7.813  0.000  0.000  0.000  0.000 
    IR     8     8 6     8     5  -1.689  -0.590  -7.920  -6.087  -7.193          0.000  0.000  0.000  0.000 
				[ MATP    2 ]
    MP     9     8 6    13     6  -4.008  -5.135  -0.174  -5.501 -11.291 -11.686 -7.159 -7.173 -7.299 -0.125 -1.488 -7.917  2.442 -7.196 -7.633  2.399 -7.572 -2.676  1.883 -7.186 -3.227 -5.830 
    ML    10     8 6    13     6  -6.250  -6.596  -1.310  -1.005  -6.446  -3.975  0.660 -0.612 -0.293 -0.076 
    MR    11     8 6    13     6  -0.387  -7.792  -3.701  -7.770  -2.904  -5.984 -1.702  1.675 -2.537 -1.608 
     D    12     8 6    13     6 -13.407 -12.105  -0.923  -8.584  -8.602  -1.098 
    IL    13    13 5    13     6  -2.666  -1.980  -0.787  -7.931  -8.708  -8.368  0.000  0.000  0.000  0.000 
    IR    14    14 6    14     5  -0.969  -1.070  -8.923  -7.091  -8.197          0.000  0.000  0.000  0.000 
				[ MATP    3 ]
    MP    15    14 6    19     6  -4.493 -12.344  -0.068 -11.120 -11.400 -11.795 -6.803 -6.075 -7.406  0.993 -1.157 -7.586  1.959 -7.081 -7.038  2.754 -6.792 -0.763  1.012 -6.914 -2.073 -5.847 
    ML    16    14 6    19     6  -8.105  -8.451  -0.260  -2.860  -8.301  -5.830 -0.996 -1.464 -1.779  1.508 
    MR    17    14 6    19     6  -6.988  -5.717  -1.625  -5.695  -0.829  -3.908  0.660 -0.612 -0.293 -0.076 
     D    18    14 6    19     6 -12.338 -11.036  -0.351  -7.515  -7.533  -2.292 
    IL    19    19 5    19     6  -3.016  -5.383  -0.261  -7.038  -7.814  -7.475  0.000  0.000  0.000  0.000 
    IR    20    20 6    20     5  -2.408  -0.496  -5.920  -4.087  -5.193          0.000  0.000  0.000  0.000 
				[ MATP    4 ]
    MP    21    20 6    25     6  -3.989 -12.435  -0.096 -11.212 -11.492 -11.887 -6.467 -5.510 -7.377  0.474 -1.282 -7.280  1.785 -2.015 -6.602  2.974 -6.313  0.221 -0.741 -6.630 -0.345 -5.794 
    ML    22    20 6    25     6  -6.250  -6.596  -1.310  -1.005  -6.446  -3.975  0.660 -0.612 -0.293 -0.076 
    MR    23    20 6    25     6  -6.988  -5.717  -1.625  -5.695  -0.829  -3.908  0.660 -0.612 -0.293 -0.076 
     D    24    20 6    25     6 -10.182  -8.881  -0.778  -5.360  -5.377  -1.453 
    IL    25    25 5    25     6  -0.694  -1.533  -5.015  -8.752  -9.528  -9.189  0.000  0.000  0.000  0.000 
    IR    26    26 6    26     5  -0.831  -1.224  -9.353  -7.521  -8.627          0.000  0.000  0.000  0.000 
				[ MATP    5 ]
    MP    27    26 6    31     4  -4.249 -11.856  -0.080 -10.270                 -7.461 -6.421 -8.303  1.166 -8.173 -8.258  2.159 -7.727 -7.608  2.861 -7.274 -1.718  0.167 -7.646 -0.889 -6.555 
    ML    28    26 6    31     4  -3.758  -3.940  -0.507  -2.670                  0.660 -0.612 -0.293 -0.076 
    MR    29    26 6    31     4  -4.809  -3.838  -1.706  -0.766                  0.660 -0.612 -0.293 -0.076 
     D    30    26 6    31     4  -4.568  -4.250  -2.265  -0.520                 
    IL    31    31 5    31     4  -4.483  -5.167  -0.116  -7.652                  0.000  0.000  0.000  0.000 
    IR    32    32 6    32     3  -1.442  -0.798  -4.142                          0.000  0.000  0.000  0.000 
				[ MATL    6 ]
    ML    33    32 6    35     3 -12.563  -0.001 -11.217                         -0.308 -0.515 -0.202  0.699 
     D    34    32 6    35     3  -6.174  -1.687  -0.566                         
    IL    35    35 3    35     3  -1.442  -0.798  -4.142                          0.000  0.000  0.000  0.000 
				[ MATL    7 ]
    ML    36    35 3    38     3 -12.563  -0.001 -11.217                         -1.784 -3.231 -0.448  1.521 
     D    37    35 3    38     3  -6.174  -1.687  -0.566                         
    IL    38    38 3    38     3  -1.442  -0.798  -4.142                          0.000  0.000  0.000  0.000 
				[ MATL    8 ]
    ML    39    38 3    41     3  -2.614  -0.258 -11.217                          0.060  0.102  0.493 -1.068 
     D    40    38 3    41     3  -6.174  -1.687  -0.566                         
    IL    41    41 3    41     3  -4.789  -0.061  -7.489                          0.000  0.000  0.000  0.000 
				[ MATL    9 ]
    ML    42    41 3    44     3 -12.563  -0.001 -11.217                          0.981 -0.696  0.024 -1.352 
     D    43    41 3    44     3  -6.174  -1.687  -0.566                         
    IL    44    44 3    44     3  -1.442  -0.798  -4.142                          0.000  0.000  0.000  0.000 
				[ MATL   10 ]
    ML    45    44 3    47     3 -12.563  -0.459  -1.876                          1.014 -0.156 -1.088 -0.706 
     D    46    44 3    47     3  -6.174  -1.687  -0.566                         
    IL    47    47 3    47     3  -1.442  -0.798  -4.142                          0.000  0.000  0.000  0.000 
				[ MATL   11 ]
    ML    48    47 3    50     3 -12.104  -0.229  -2.773                          1.045 -0.969  0.124 -1.572 
     D    49    47 3    50     3 -12.127  -0.479  -1.823                         
    IL    50    50 3    50     3  -1.442  -0.798  -4.142                          0.000  0.000  0.000  0.000 
				[ MATL   12 ]
    ML    51    50 3    53     2       *   0.000                                  0.857 -0.624 -0.670 -0.134 
     D    52    50 3    53     2       *   0.000                                 
    IL    53    53 3    53     2  -1.823  -0.479                                  0.000  0.000  0.000  0.000 
				[ END    13 ]
     E    54    53 3    -1     0                                                 
//
