INFERNAL1/a [1.1 | October 2013]
NAME     UAA_GAN
STATES   124
NODES    32
CLEN     40
W        87
ALPH     RNA
RF       no
CONS     yes
MAP      yes
DATE     Fri May 30 16:39:21 2014
COM      [1] /share/data/bin/cmbuild -F /share/data/people/ppg15/motifs/UAA_GAN/CM /share/data/people/ppg15/motifs/UAA_GAN/SEED
COM      [2] /share/data/bin/cmcalibrate --mpi --seed 1 /share/data/people/ppg15/motifs/UAA_GAN/CM
PBEGIN   0.05
PEND     0.05
WBETA    1e-07
QDBBETA1 1e-07
QDBBETA2 1e-15
N2OMEGA  1.52588e-05
N3OMEGA  1.52588e-05
ELSELF   -0.08926734
NSEQ     20
EFFN     20.000000
CKSUM    3408199898
NULL     0.000  0.000  0.000  0.000 
GA       18.00
EFP7GF   -0.7867 0.76731
ECMLC    0.55715    -5.32802     4.18359     1600000      240252  0.004995
ECMGC    0.55104    -4.99341     5.79107     1600000      152377  0.002625
ECMLI    0.58871    -2.66545     6.01778     1600000      199191  0.006024
ECMGI    0.55344    -3.82236     6.64294     1600000      131051  0.003052
CM
                                             [ ROOT    0 ]      -      - - - - -
     S     0    -1 0     1     6     1     1    87   138 -10.672 -10.611  -0.111  -9.388  -9.668  -3.841 
    IL     1     1 2     1     6     1     4    88   139  -2.579  -2.842  -0.760  -4.497  -5.274  -4.934  0.000  0.000  0.000  0.000 
    IR     2     2 3     2     5     1     4    88   139  -2.408  -0.496  -5.920  -4.087  -5.193          0.000  0.000  0.000  0.000 
                                             [ MATP    1 ]      5     62 g u - -
    MP     3     2 3     7     6     2     9    87   138 -10.569 -10.509  -0.008  -9.285  -9.565  -9.960 -0.592  1.187 -4.377  0.202 -1.781 -1.638  0.925 -2.629 -1.468  0.628 -0.461  2.343 -0.676 -2.431 -1.461 -1.695 
    ML     4     2 3     7     6     1     3    85   136  -6.250  -6.596  -1.310  -1.005  -6.446  -3.975  0.368 -0.385 -0.191  0.094 
    MR     5     2 3     7     6     1     3    84   136  -6.988  -5.717  -1.625  -5.695  -0.829  -3.908  0.368 -0.385 -0.191  0.094 
     D     6     2 3     7     6     0     0    81   133 -11.202  -9.900  -5.697  -6.379  -6.397  -0.066 
    IL     7     7 5     7     6     1     4    86   137  -2.579  -2.842  -0.760  -4.497  -5.274  -4.934  0.000  0.000  0.000  0.000 
    IR     8     8 6     8     5     1     4    86   137  -2.408  -0.496  -5.920  -4.087  -5.193          0.000  0.000  0.000  0.000 
                                             [ MATP    2 ]      6     61 c g - -
    MP     9     8 6    13     6     2     8    85   136 -10.569 -10.509  -0.008  -9.285  -9.565  -9.960 -2.276  0.214 -0.668  0.375 -1.120 -1.669  1.947 -1.220 -0.655  0.463 -3.115 -1.189  0.535  0.510  0.933 -1.746 
    ML    10     8 6    13     6     1     2    83   134  -6.250  -6.596  -1.310  -1.005  -6.446  -3.975  0.368 -0.385 -0.191  0.094 
    MR    11     8 6    13     6     1     2    82   134  -6.988  -5.717  -1.625  -5.695  -0.829  -3.908  0.368 -0.385 -0.191  0.094 
     D    12     8 6    13     6     0     0    81   133 -11.202  -9.900  -1.796  -6.379  -6.397  -0.542 
    IL    13    13 5    13     6     1     3    84   135  -2.579  -2.842  -0.760  -4.497  -5.274  -4.934  0.000  0.000  0.000  0.000 
    IR    14    14 6    14     5     1     3    84   135  -2.408  -0.496  -5.920  -4.087  -5.193          0.000  0.000  0.000  0.000 
                                             [ MATP    3 ]      7     60 u a - -
    MP    15    14 6    19     6     2     7    83   134 -10.606 -10.545  -0.007  -9.322  -9.601  -9.996 -2.336  1.297 -0.167  0.331 -0.117 -3.385  1.364 -1.363 -0.256  0.690 -3.173 -0.560  1.560 -2.674 -0.778 -1.801 
    ML    16    14 6    19     6     1     1    81   132  -6.250  -6.596  -1.310  -1.005  -6.446  -3.975  0.368 -0.385 -0.191  0.094 
    MR    17    14 6    19     6     1     1    80   132  -6.988  -5.717  -1.625  -5.695  -0.829  -3.908  0.368 -0.385 -0.191  0.094 
     D    18    14 6    19     6     0     0    80   131 -10.751  -9.449  -0.476  -5.928  -5.946  -2.021 
    IL    19    19 5    19     6     1     2    82   133  -2.579  -2.842  -0.760  -4.497  -5.274  -4.934  0.000  0.000  0.000  0.000 
    IR    20    20 6    20     5     1     2    82   133  -2.408  -0.496  -5.920  -4.087  -5.193          0.000  0.000  0.000  0.000 
                                             [ MATP    4 ]      8     59 G C - -
    MP    21    20 6    25     6     2     6    81   132 -10.672 -10.611  -0.007  -9.388  -9.668 -10.063 -4.880 -3.555 -4.713  0.756 -5.696 -5.322 -0.814 -5.348 -5.115  3.178 -5.380  0.002  0.979 -4.584  0.403 -3.669 
    ML    22    20 6    25     6     1     1    79   130  -6.250  -6.596  -1.310  -1.005  -6.446  -3.975  0.368 -0.385 -0.191  0.094 
    MR    23    20 6    25     6     1     1    78   130  -6.988  -5.717  -1.625  -5.695  -0.829  -3.908  0.368 -0.385 -0.191  0.094 
     D    24    20 6    25     6     0     0    75   127  -9.049  -7.747  -3.544  -4.226  -4.244  -0.319 
    IL    25    25 5    25     6     1     2    80   131  -2.579  -2.842  -0.760  -4.497  -5.274  -4.934  0.000  0.000  0.000  0.000 
    IR    26    26 6    26     5     1     2    80   131  -2.408  -0.496  -5.920  -4.087  -5.193          0.000  0.000  0.000  0.000 
                                             [ MATP    5 ]      9     58 g c - -
    MP    27    26 6    31     6     2     5    79   130 -10.672 -10.611  -0.007  -9.388  -9.668 -10.063 -4.784 -4.281 -4.781  1.178 -4.125 -5.558  2.067 -4.640 -4.797  2.416 -5.267 -1.988  0.943 -4.877  0.686 -3.559 
    ML    28    26 6    31     6     1     1    77   128  -6.250  -6.596  -1.310  -1.005  -6.446  -3.975  0.368 -0.385 -0.191  0.094 
    MR    29    26 6    31     6     1     1    77   128  -6.988  -5.717  -1.625  -5.695  -0.829  -3.908  0.368 -0.385 -0.191  0.094 
     D    30    26 6    31     6     0     0    74   126  -9.049  -7.747  -3.544  -4.226  -4.244  -0.319 
    IL    31    31 5    31     6     1     1    78   129  -2.579  -2.842  -0.760  -4.497  -5.274  -4.934  0.000  0.000  0.000  0.000 
    IR    32    32 6    32     5     1     2    78   129  -2.408  -0.496  -5.920  -4.087  -5.193          0.000  0.000  0.000  0.000 
                                             [ MATP    6 ]     10     57 c g - -
    MP    33    32 6    37     4     2     4    77   128  -3.190  -3.211  -0.360  -8.186                 -4.595 -4.229 -1.820  0.820 -4.025 -5.417  2.561 -4.535 -4.642  2.154 -5.130 -2.031  0.047 -4.742  0.926 -3.473 
    ML    34    32 6    37     4     1     1    75   127  -3.758  -3.940  -0.507  -2.670                  0.368 -0.385 -0.191  0.094 
    MR    35    32 6    37     4     1     1    75   126  -4.809  -3.838  -1.706  -0.766                  0.368 -0.385 -0.191  0.094 
     D    36    32 6    37     4     0     0    73   125  -4.568  -4.250  -2.265  -0.520                 
    IL    37    37 5    37     4     1     3    76   127  -3.651  -4.334  -0.214  -6.820                  0.000  0.000  0.000  0.000 
    IR    38    38 6    38     3     1     1    76   127  -2.712  -0.279  -5.412                          0.000  0.000  0.000  0.000 
                                             [ MATL    7 ]     12      - u - - -
    ML    39    38 6    41     3     1     3    74   126 -10.492  -0.004  -9.146                         -0.507 -0.281  0.062  0.515 
     D    40    38 6    41     3     0     0    72   124  -6.174  -1.687  -0.566                         
    IL    41    41 3    41     3     1     1    75   127  -1.442  -0.798  -4.142                          0.000  0.000  0.000  0.000 
                                             [ MATL    8 ]     13      - A - - -
    ML    42    41 3    44     3     1     2    73   125 -10.492  -0.004  -9.146                          1.832 -4.155 -4.354 -1.579 
     D    43    41 3    44     3     0     0    71   123  -6.174  -1.687  -0.566                         
    IL    44    44 3    44     3     1     1    74   126  -1.442  -0.798  -4.142                          0.000  0.000  0.000  0.000 
                                             [ MATL    9 ]     14      - A - - -
    ML    45    44 3    47     3     1     1    72   124  -1.225  -1.302  -2.587                          1.984 -6.495 -5.869 -6.068 
     D    46    44 3    47     3     0     0    71   122  -5.620  -0.734  -1.403                         
    IL    47    47 3    47     3     1     1    72   124  -1.635  -1.633  -1.492                          0.000  0.000  0.000  0.000 
                                             [ MATR   10 ]      -     55 - A - -
    MR    48    47 3    50     3     1     1    71   122 -10.047  -0.006  -8.365                          1.449 -0.448 -1.688 -2.141 
     D    49    47 3    50     3     0     0    70   121 -10.676  -0.050  -4.906                         
    IR    50    50 3    50     3     1     1    71   123  -1.925  -0.554  -4.164                          0.000  0.000  0.000  0.000 
                                             [ MATR   11 ]      -     54 - A - -
    MR    51    50 3    53     3     1     1    70   121 -10.802  -0.003  -9.120                          1.984 -6.495 -5.869 -6.068 
     D    52    50 3    53     3     0     0    68   119  -6.390  -1.568  -0.620                         
    IR    53    53 3    53     3     1     1    70   122  -1.925  -0.554  -4.164                          0.000  0.000  0.000  0.000 
                                             [ MATR   12 ]      -     53 - A - -
    MR    54    53 3    56     3     1     1    69   120 -10.802  -0.003  -9.120                          1.984 -6.495 -5.869 -6.068 
     D    55    53 3    56     3     0     0    67   118  -6.390  -1.568  -0.620                         
    IR    56    56 3    56     3     1     1    69   121  -1.925  -0.554  -4.164                          0.000  0.000  0.000  0.000 
                                             [ MATR   13 ]      -     52 - G - -
    MR    57    56 3    59     5     1     1    68   119  -1.240  -0.803  -9.276  -9.488 -10.380         -4.416 -5.659  1.896 -2.235 
     D    58    56 3    59     5     0     0    65   117  -5.352  -0.707  -2.978  -4.409  -2.404         
    IR    59    59 3    59     5     1     1    68   119  -1.397  -0.710  -9.398  -7.566  -8.672          0.000  0.000  0.000  0.000 
                                             [ MATP   14 ]     17     48 c g - -
    MP    60    59 3    64     6     2     2    66   118 -10.672 -10.611  -0.075  -9.388  -9.668  -4.416 -3.923 -3.833 -4.036  0.731 -3.599 -4.868  2.255 -4.078 -0.527  1.742 -4.587  0.212  1.760 -4.171 -1.360 -3.026 
    ML    61    59 3    64     6     1     1    64   115  -6.250  -6.596  -1.310  -1.005  -6.446  -3.975  0.368 -0.385 -0.191  0.094 
    MR    62    59 3    64     6     1     1    64   115  -6.988  -5.717  -1.625  -5.695  -0.829  -3.908  0.368 -0.385 -0.191  0.094 
     D    63    59 3    64     6     0     0    59   111  -9.049  -7.747  -3.544  -4.226  -4.244  -0.319 
    IL    64    64 5    64     6     1     1    65   117  -2.579  -2.842  -0.760  -4.497  -5.274  -4.934  0.000  0.000  0.000  0.000 
    IR    65    65 6    65     5     1     1    65   117  -2.408  -0.496  -5.920  -4.087  -5.193          0.000  0.000  0.000  0.000 
                                             [ MATP   15 ]     18     47 C G - -
    MP    66    65 6    70     6     2     2    64   116 -10.604 -10.544  -0.007  -9.320  -9.600  -9.995 -5.182 -4.903 -5.160  0.345 -4.027 -5.960  3.147 -4.689 -5.036  0.880 -5.531 -2.503  1.656 -5.359 -1.514 -3.772 
    ML    67    65 6    70     6     1     1    62   113  -6.250  -6.596  -1.310  -1.005  -6.446  -3.975  0.368 -0.385 -0.191  0.094 
    MR    68    65 6    70     6     1     1    61   113  -6.988  -5.717  -1.625  -5.695  -0.829  -3.908  0.368 -0.385 -0.191  0.094 
     D    69    65 6    70     6     0     0    55   106 -10.771  -9.469  -5.266  -5.949  -5.966  -0.090 
    IL    70    70 5    70     6     1     1    63   115  -2.579  -2.842  -0.760  -4.497  -5.274  -4.934  0.000  0.000  0.000  0.000 
    IR    71    71 6    71     5     1     1    63   115  -2.408  -0.496  -5.920  -4.087  -5.193          0.000  0.000  0.000  0.000 
                                             [ MATP   16 ]     19     46 c g - -
    MP    72    71 6    76     6     2     2    62   114 -10.604 -10.544  -0.007  -9.320  -9.600  -9.995 -4.696 -4.394 -4.730  0.518 -3.888 -5.558  2.378 -4.467 -4.669  1.474 -5.178  0.965  1.933 -4.879 -1.419 -3.463 
    ML    73    71 6    76     6     1     1    59   111  -6.250  -6.596  -1.310  -1.005  -6.446  -3.975  0.368 -0.385 -0.191  0.094 
    MR    74    71 6    76     6     1     1    59   110  -6.988  -5.717  -1.625  -5.695  -0.829  -3.908  0.368 -0.385 -0.191  0.094 
     D    75    71 6    76     6     0     0    52   104 -10.771  -9.469  -5.266  -5.949  -5.966  -0.090 
    IL    76    76 5    76     6     1     1    61   113  -2.579  -2.842  -0.760  -4.497  -5.274  -4.934  0.000  0.000  0.000  0.000 
    IR    77    77 6    77     5     1     1    61   113  -2.408  -0.496  -5.920  -4.087  -5.193          0.000  0.000  0.000  0.000 
                                             [ MATP   17 ]     20     45 C G - -
    MP    78    77 6    82     4     2     2    60   112  -1.200  -9.685  -1.267  -2.757                 -5.435 -5.144 -5.372  0.340 -4.208 -6.120  3.356 -4.884 -5.263  1.077 -5.730 -2.751  0.704 -5.599 -1.714 -4.003 
    ML    79    77 6    82     4     1     1    55   107  -3.758  -3.940  -0.507  -2.670                  0.368 -0.385 -0.191  0.094 
    MR    80    77 6    82     4     1     1    54   105  -4.809  -3.838  -1.706  -0.766                  0.368 -0.385 -0.191  0.094 
     D    81    77 6    82     4     0     0    50   101  -6.223  -5.905  -3.920  -0.146                 
    IL    82    82 5    82     4     1     1    61   112  -0.959  -1.105  -5.703  -9.441                  0.000  0.000  0.000  0.000 
    IR    83    83 6    83     3     1     1    58   109  -0.517  -1.746  -8.468                          0.000  0.000  0.000  0.000 
                                             [ MATL   18 ]     26      - U - - -
    ML    84    83 6    86     3     1     1    25    43 -10.185  -0.004  -8.839                          0.049 -2.076 -0.665  1.069 
     D    85    83 6    86     3     0     0    23    41  -9.661  -5.174  -0.042                         
    IL    86    86 3    86     3     1     1    28    47  -1.442  -0.798  -4.142                          0.000  0.000  0.000  0.000 
                                             [ MATL   19 ]     27      - C - - -
    ML    87    86 3    89     3     1     1    24    42 -10.185  -0.004  -8.839                         -3.088  1.063  0.733 -2.922 
     D    88    86 3    89     3     0     0    22    41  -9.661  -5.174  -0.042                         
    IL    89    89 3    89     3     1     1    27    46  -1.442  -0.798  -4.142                          0.000  0.000  0.000  0.000 
                                             [ MATL   20 ]     28      - C - - -
    ML    90    89 3    92     3     1     1    23    41 -10.185  -0.004  -8.839                          0.284  1.355 -4.050 -2.605 
     D    91    89 3    92     3     0     0    22    40  -9.661  -0.092  -4.053                         
    IL    92    92 3    92     3     1     1    26    45  -1.442  -0.798  -4.142                          0.000  0.000  0.000  0.000 
                                             [ MATL   21 ]     29      - g - - -
    ML    93    92 3    95     3     1     1    21    40 -10.492  -0.004  -9.146                          0.075 -0.394  0.784 -1.106 
     D    94    92 3    95     3     0     0    21    40  -6.174  -1.687  -0.566                         
    IL    95    95 3    95     3     1     1    25    44  -1.442  -0.798  -4.142                          0.000  0.000  0.000  0.000 
                                             [ MATL   22 ]     30      - c - - -
    ML    96    95 3    98     3     1     1    20    39 -10.492  -0.089  -4.081                         -0.038  0.543 -1.173  0.170 
     D    97    95 3    98     3     0     0    20    39  -6.174  -1.687  -0.566                         
    IL    98    98 3    98     3     1     1    24    43  -1.442  -0.798  -4.142                          0.000  0.000  0.000  0.000 
                                             [ MATL   23 ]     31      - A - - -
    ML    99    98 3   101     3     1     1    19    38 -10.406  -0.004  -9.060                          1.501 -4.787  0.128 -4.635 
     D   100    98 3   101     3     0     0    18    37  -8.194  -3.707  -0.120                         
    IL   101   101 3   101     3     1     1    23    42  -1.442  -0.798  -4.142                          0.000  0.000  0.000  0.000 
                                             [ MATL   24 ]     32      - c - - -
    ML   102   101 3   104     3     1     1    18    37 -10.406  -0.004  -9.060                          0.587  0.879 -3.149 -0.875 
     D   103   101 3   104     3     0     0    17    36  -8.194  -3.707  -0.120                         
    IL   104   104 3   104     3     1     1    22    41  -1.442  -0.798  -4.142                          0.000  0.000  0.000  0.000 
                                             [ MATL   25 ]     33      - a - - -
    ML   105   104 3   107     3     1     1    17    35 -10.406  -0.004  -9.060                          0.984 -0.227 -1.132 -0.490 
     D   106   104 3   107     3     0     0    16    35  -8.194  -3.707  -0.120                         
    IL   107   107 3   107     3     1     1    21    40  -1.442  -0.798  -4.142                          0.000  0.000  0.000  0.000 
                                             [ MATL   26 ]     34      - u - - -
    ML   108   107 3   110     3     1     1    16    34 -10.406  -0.226  -2.793                          0.010 -0.420 -0.416  0.581 
     D   109   107 3   110     3     0     0    15    34  -8.194  -3.707  -0.120                         
    IL   110   110 3   110     3     1     1    21    39  -1.442  -0.798  -4.142                          0.000  0.000  0.000  0.000 
                                             [ MATL   27 ]     35      - C - - -
    ML   111   110 3   113     3     1     1    15    33 -10.185  -0.004  -8.839                         -3.491  1.392  0.218 -3.021 
     D   112   110 3   113     3     0     0    13    32  -9.661  -5.174  -0.042                         
    IL   113   113 3   113     3     1     1    20    38  -1.442  -0.798  -4.142                          0.000  0.000  0.000  0.000 
                                             [ MATL   28 ]     36      - u - - -
    ML   114   113 3   116     3     1     1    13    32 -10.185  -0.004  -8.839                         -1.758  0.381 -0.214  0.623 
     D   115   113 3   116     3     0     0    12    31  -9.661  -5.174  -0.042                         
    IL   116   116 3   116     3     1     1    19    37  -1.442  -0.798  -4.142                          0.000  0.000  0.000  0.000 
                                             [ MATL   29 ]     37      - A - - -
    ML   117   116 3   119     3     1     1    12    30 -10.185  -0.156  -3.298                          1.681 -1.640 -3.395 -1.406 
     D   118   116 3   119     3     0     0    11    29  -9.661  -5.174  -0.042                         
    IL   119   119 3   119     3     1     1    18    36  -1.442  -0.798  -4.142                          0.000  0.000  0.000  0.000 
                                             [ MATL   30 ]     38      - a - - -
    ML   120   119 3   122     2     1     1     1     1       *   0.000                                  0.801 -0.116 -0.513 -0.657 
     D   121   119 3   122     2     0     0     0     0       *   0.000                                 
    IL   122   122 3   122     2     1     1    13    28  -1.823  -0.479                                  0.000  0.000  0.000  0.000 
                                             [ END    31 ]      -      - - - - -
     E   123   122 3    -1     0     0     0     0     0                                                 
//
HMMER3/f [i1.1 | October 2013]
NAME  UAA_GAN
LENG  40
MAXL  105
ALPH  RNA
RF    no
MM    no
CONS  yes
CS    yes
MAP   yes
DATE  Fri May 30 16:39:21 2014
COM   [1] /share/data/bin/cmbuild -F /share/data/people/ppg15/motifs/UAA_GAN/CM /share/data/people/ppg15/motifs/UAA_GAN/SEED
NSEQ  20
EFFN  20.000000
CKSUM 3408199898
STATS LOCAL MSV       -8.3265  0.76731
STATS LOCAL VITERBI  -10.2682  0.76731
STATS LOCAL FORWARD   -1.8487  0.76731
HMM          A        C        G        U   
            m->m     m->i     m->d     i->m     i->i     d->m     d->d
  COMPO   1.20747  1.37342  1.32691  1.70094
          1.38629  1.38629  1.38629  1.38629
          0.27363  1.93165  2.35937  1.38796  0.28713  0.00000        *
      1   1.35206  1.78947  0.73141  2.37502      5 g - - <
          1.38629  1.38629  1.38629  1.38629
          0.00989  5.31424  5.31424  1.46634  0.26236  3.08147  0.04698
      2   1.57894  1.15259  1.82848  1.14780      6 u - - <
          1.38629  1.38629  1.38629  1.38629
          0.00989  5.31424  5.31424  1.46634  0.26236  1.06509  0.42266
      3   1.20272  1.39222  1.59675  1.39212      7 a - - <
          1.38629  1.38629  1.38629  1.38629
          0.00958  5.34578  5.34578  1.46634  0.26236  0.14029  2.03336
      4   2.15159  3.20591  0.46268  1.54372      8 G - - <
          1.38629  1.38629  1.38629  1.38629
          0.00905  5.40268  5.40268  1.46634  0.26236  1.09861  0.40547
      5   1.89719  1.31293  1.04223  1.47704      9 g - - <
          1.38629  1.38629  1.38629  1.38629
          0.00905  5.40268  5.40268  1.46634  0.26236  1.09861  0.40547
      6   2.00362  0.97795  1.21259  1.65210     10 c - - <
          1.38629  1.38629  1.38629  1.38629
          0.12133  2.20948  5.40268  0.08015  2.56365  1.09861  0.40547
      7   1.73754  1.58128  1.34317  1.02912     12 u - - -
          1.38629  1.38629  1.38629  1.38629
          0.00905  5.40268  5.40268  1.46634  0.26236  1.09861  0.40547
      8   0.11650  4.26609  4.40396  2.48050     13 A - - -
          1.38629  1.38629  1.38629  1.38629
          0.00905  5.40268  5.40268  1.46634  0.26236  1.09861  0.40547
      9   0.01084  5.88844  5.45431  5.59204     14 A - - -
          1.38629  1.38629  1.38629  1.38629
          0.57081  0.84297  5.40268  0.40839  1.09279  1.09861  0.40547
     10   2.14670  1.17506  1.11760  1.39729     17 g - - <
          1.38629  1.38629  1.38629  1.38629
          0.06770  5.40268  2.79757  1.46634  0.26236  1.09861  0.40547
     11   2.45464  0.58098  2.04306  1.49112     18 C - - <
          1.38629  1.38629  1.38629  1.38629
          0.00959  5.34457  5.34457  1.46634  0.26236  2.74294  0.06655
     12   2.32011  1.10084  1.20593  1.31032     19 c - - <
          1.38629  1.38629  1.38629  1.38629
          0.00959  5.34457  5.34457  1.46634  0.26236  2.74294  0.06655
     13   2.46508  0.44017  1.93568  2.06559     20 C - - <
          1.38629  1.38629  1.38629  1.38629
          0.84645  0.85295  1.93165  0.74826  0.64091  2.74294  0.06655
     14   1.35229  2.82526  1.84729  0.64551     26 U - - _
          1.38629  1.38629  1.38629  1.38629
          0.01117  5.19359  5.19359  1.46634  0.26236  3.80413  0.02253
     15   3.52672  0.64981  0.87837  3.41145     27 C - - _
          1.38629  1.38629  1.38629  1.38629
          0.01117  5.19359  5.19359  1.46634  0.26236  3.80413  0.02253
     16   1.18943  0.44721  4.19365  3.19162     28 C - - _
          1.38629  1.38629  1.38629  1.38629
          0.01117  5.19359  5.19359  1.46634  0.26236  0.04558  3.11098
     17   1.33438  1.65965  0.84319  2.15297     29 g - - _
          1.38629  1.38629  1.38629  1.38629
          0.00905  5.40268  5.40268  1.46634  0.26236  1.09861  0.40547
     18   1.41246  1.01002  2.19909  1.26818     30 c - - _
          1.38629  1.38629  1.38629  1.38629
          0.06770  5.40268  2.79757  1.46634  0.26236  1.09861  0.40547
     19   0.34585  4.70456  1.29731  4.59878     31 A - - _
          1.38629  1.38629  1.38629  1.38629
          0.00959  5.34457  5.34457  1.46634  0.26236  2.74294  0.06655
     20   0.97912  0.77684  3.56934  1.99271     32 c - - _
          1.38629  1.38629  1.38629  1.38629
          0.00959  5.34457  5.34457  1.46634  0.26236  2.74294  0.06655
     21   0.70447  1.54376  2.17091  1.72608     33 a - - _
          1.38629  1.38629  1.38629  1.38629
          0.00959  5.34457  5.34457  1.46634  0.26236  2.74294  0.06655
     22   1.37915  1.67764  1.67467  0.98344     34 u - - _
          1.38629  1.38629  1.38629  1.38629
          0.16215  5.34457  1.93165  1.46634  0.26236  2.74294  0.06655
     23   3.80625  0.42131  1.23520  3.48002     35 C - - _
          1.38629  1.38629  1.38629  1.38629
          0.01117  5.19359  5.19359  1.46634  0.26236  3.80413  0.02253
     24   2.60484  1.12232  1.53453  0.95450     36 u - - _
          1.38629  1.38629  1.38629  1.38629
          0.01117  5.19359  5.19359  1.46634  0.26236  3.80413  0.02253
     25   0.22103  2.52289  3.73953  2.36114     37 A - - _
          1.38629  1.38629  1.38629  1.38629
          0.11510  5.19359  2.27140  1.46634  0.26236  3.80413  0.02253
     26   0.83109  1.46651  1.74202  1.84180     38 a - - _
          1.38629  1.38629  1.38629  1.38629
          0.81052  0.59926  5.09087  1.26160  0.33296  0.26480  1.45826
     27   2.21305  1.99429  0.41670  2.35064     45 G - - >
          1.38629  1.38629  1.38629  1.38629
          0.00959  5.34457  5.34457  1.46634  0.26236  2.74294  0.06655
     28   1.39412  1.71445  1.04514  1.51303     46 g - - >
          1.38629  1.38629  1.38629  1.38629
          0.00959  5.34457  5.34457  1.46634  0.26236  2.74294  0.06655
     29   1.58471  2.12059  0.55027  2.32034     47 G - - >
          1.38629  1.38629  1.38629  1.38629
          0.00959  5.34457  5.34457  1.46634  0.26236  0.13784  2.04980
     30   1.32928  1.51883  1.11347  1.67159     48 g - - >
          1.38629  1.38629  1.38629  1.38629
          0.57081  0.84297  5.40268  0.51837  0.90509  1.09861  0.40547
     31   4.44753  5.30848  0.07230  2.93568     52 G - - -
          1.38629  1.38629  1.38629  1.38629
          0.00905  5.40268  5.40268  1.46634  0.26236  1.09861  0.40547
     32   0.01084  5.88844  5.45431  5.59204     53 A - - -
          1.38629  1.38629  1.38629  1.38629
          0.00905  5.40268  5.40268  1.46634  0.26236  1.09861  0.40547
     33   0.01084  5.88844  5.45431  5.59204     54 A - - -
          1.38629  1.38629  1.38629  1.38629
          0.53601  5.40268  0.89057  1.46634  0.26236  1.09861  0.40547
     34   0.38199  1.69687  2.55663  2.87044     55 A - - -
          1.38629  1.38629  1.38629  1.38629
          0.21078  1.70122  4.88194  0.08113  2.55195  0.02171  3.84067
     35   2.59531  1.25558  0.68146  2.00552     57 G - - >
          1.38629  1.38629  1.38629  1.38629
          0.00905  5.40268  5.40268  1.46634  0.26236  1.09861  0.40547
     36   2.04683  1.07984  1.00583  1.79898     58 g - - >
          1.38629  1.38629  1.38629  1.38629
          0.00905  5.40268  5.40268  1.46634  0.26236  1.09861  0.40547
     37   2.04657  0.55625  2.09990  1.74296     59 C - - >
          1.38629  1.38629  1.38629  1.38629
          0.06648  5.40268  2.81647  1.46634  0.26236  1.09861  0.40547
     38   1.18197  1.30972  1.34796  1.80996     60 a - - >
          1.38629  1.38629  1.38629  1.38629
          0.04143  5.34578  3.32939  1.46634  0.26236  2.72650  0.06769
     39   1.75800  1.32034  0.90072  1.86892     61 g - - >
          1.38629  1.38629  1.38629  1.38629
          0.00989  5.31424  5.31424  1.46634  0.26236  3.08147  0.04698
     40   2.10659  1.30777  1.66173  0.87200     62 u - - >
          1.38629  1.38629  1.38629  1.38629
          0.17439  1.83241        *  0.71625  0.67057  0.00000        *
//
