INFERNAL-1 [1.0.2]
NAME     sarcin-ricin-2
GA       15.00
STATES   184
NODES    50
ALPHABET 1
ELSELF   -0.08926734
WBETA    1e-07
NSEQ     56
EFFNSEQ  56.000
CLEN     60
BCOM     cmbuild -F sarcin-ricin-2/CM sarcin-ricin-2/SEED
BDATE    Sat Jul 28 17:56:32 2012
NULL     0.000  0.000  0.000  0.000 
MODEL:
				[ ROOT    0 ]
     S     0    -1 0     1     4  -1.692  -2.657  -3.052  -1.281                 
    IL     1     1 2     1     4  -1.019  -1.257  -3.517 -10.347                  0.000  0.000  0.000  0.000 
    IR     2     2 3     2     3  -1.562  -0.658  -5.194                          0.000  0.000  0.000  0.000 
				[ MATL    1 ]
    ML     3     2 3     5     3 -11.098  -0.236  -2.735                         -0.326 -0.652  1.239 -2.284 
     D     4     2 3     5     3 -12.103  -0.702  -1.377                         
    IL     5     5 3     5     3  -1.442  -0.798  -4.142                          0.000  0.000  0.000  0.000 
				[ MATL    2 ]
    ML     6     5 3     8     3 -11.486  -0.002 -10.140                         -0.445  0.348  0.649 -1.239 
     D     7     5 3     8     3 -11.339  -3.824  -0.106                         
    IL     8     8 3     8     3  -1.442  -0.798  -4.142                          0.000  0.000  0.000  0.000 
				[ MATL    3 ]
    ML     9     8 3    11     3 -11.516  -0.002 -10.170                         -1.541  0.394  0.821 -0.795 
     D    10     8 3    11     3 -11.247  -2.562  -0.268                         
    IL    11    11 3    11     3  -1.442  -0.798  -4.142                          0.000  0.000  0.000  0.000 
				[ MATL    4 ]
    ML    12    11 3    14     3 -11.887  -0.407  -2.026                          0.706 -0.993  0.305 -0.664 
     D    13    11 3    14     3  -9.757  -2.400  -0.305                         
    IL    14    14 3    14     3  -1.925  -0.554  -4.164                          0.000  0.000  0.000  0.000 
				[ MATR    5 ]
    MR    15    14 3    17     3 -11.555  -0.002  -9.873                         -2.758  1.096  0.109 -0.652 
     D    16    14 3    17     3 -11.842  -1.081  -0.924                         
    IR    17    17 3    17     3  -1.925  -0.554  -4.164                          0.000  0.000  0.000  0.000 
				[ MATR    6 ]
    MR    18    17 3    20     3 -11.895  -0.002 -10.213                         -2.001  1.004  0.551 -1.840 
     D    19    17 3    20     3 -10.939  -6.117  -0.022                         
    IR    20    20 3    20     3  -1.925  -0.554  -4.164                          0.000  0.000  0.000  0.000 
				[ MATR    7 ]
    MR    21    20 3    23     3 -11.895  -0.002 -10.213                         -1.035 -0.067  0.630  0.014 
     D    22    20 3    23     3 -10.939  -6.117  -0.022                         
    IR    23    23 3    23     3  -1.925  -0.554  -4.164                          0.000  0.000  0.000  0.000 
				[ MATR    8 ]
    MR    24    23 3    26     5 -10.544  -0.004 -10.359 -10.571 -11.463          0.023 -0.110 -1.041  0.652 
     D    25    23 3    26     5  -9.114  -1.940  -6.740  -8.171  -0.464         
    IR    26    26 3    26     5  -2.408  -0.496  -5.920  -4.087  -5.193          0.000  0.000  0.000  0.000 
				[ MATP    9 ]
    MP    27    26 3    31     6 -11.681 -11.620  -0.004 -10.397 -10.676 -11.071  0.006 -0.186 -0.907  1.310 -2.712 -1.700  0.936 -2.691 -0.615  0.960 -0.496 -0.286  1.121 -2.499  0.707 -1.107 
    ML    28    26 3    31     6  -6.250  -6.596  -1.310  -1.005  -6.446  -3.975  0.660 -0.612 -0.293 -0.076 
    MR    29    26 3    31     6  -6.988  -5.717  -1.625  -5.695  -0.829  -3.908  0.660 -0.612 -0.293 -0.076 
     D    30    26 3    31     6 -13.082 -11.780  -7.577  -8.259  -3.632  -0.135 
    IL    31    31 5    31     6  -2.579  -2.842  -0.760  -4.497  -5.274  -4.934  0.000  0.000  0.000  0.000 
    IR    32    32 6    32     5  -2.408  -0.496  -5.920  -4.087  -5.193          0.000  0.000  0.000  0.000 
				[ MATP   10 ]
    MP    33    32 6    37     6 -11.681 -11.620  -0.042  -5.196 -10.676 -11.071 -2.775 -0.384 -0.251  1.652 -0.648 -0.751  1.862 -2.705 -2.913 -1.050 -1.651  0.237  0.998 -0.945 -0.023 -1.097 
    ML    34    32 6    37     6  -6.250  -6.596  -1.310  -1.005  -6.446  -3.975  0.660 -0.612 -0.293 -0.076 
    MR    35    32 6    37     6  -7.887  -6.616  -2.524  -6.594  -0.385  -4.807 -0.192 -1.247  1.047 -0.651 
     D    36    32 6    37     6 -12.965 -11.664  -7.461  -8.143  -2.246  -0.359 
    IL    37    37 5    37     6  -2.579  -2.842  -0.760  -4.497  -5.274  -4.934  0.000  0.000  0.000  0.000 
    IR    38    38 6    38     5  -2.408  -0.496  -5.920  -4.087  -5.193          0.000  0.000  0.000  0.000 
				[ MATP   11 ]
    MP    39    38 6    43     6 -11.642 -11.581  -0.027 -10.358 -10.638  -5.902 -4.734 -4.863 -0.067  0.730 -3.703 -2.058  1.631 -1.999 -5.104 -0.141 -5.120 -0.337  2.688 -4.639 -0.235 -0.836 
    ML    40    38 6    43     6  -7.882  -8.228  -2.943  -0.255  -8.078  -5.608  1.647 -2.028 -1.920 -1.480 
    MR    41    38 6    43     6  -8.988  -7.717  -3.626  -7.695  -0.167  -5.909 -0.738 -1.540  1.145 -0.243 
     D    42    38 6    43     6 -12.630 -11.329  -1.239  -7.808  -7.825  -0.819 
    IL    43    43 5    43     6  -2.579  -2.842  -0.760  -4.497  -5.274  -4.934  0.000  0.000  0.000  0.000 
    IR    44    44 6    44     5  -2.408  -0.496  -5.920  -4.087  -5.193          0.000  0.000  0.000  0.000 
				[ MATP   12 ]
    MP    45    44 6    49     6 -11.691 -11.630  -0.037 -10.407 -10.687  -5.432 -5.390 -5.352 -5.610  1.182 -4.304 -6.115  2.283 -1.369 -5.795  1.439 -5.712  0.644  1.347 -5.376  0.498 -4.238 
    ML    46    44 6    49     6  -7.882  -8.228  -2.943  -2.637  -0.554  -5.608  1.647 -2.028 -1.920 -1.480 
    MR    47    44 6    49     6  -8.988  -7.717  -3.626  -7.695  -0.167  -5.909 -0.724 -0.605  1.144 -0.923 
     D    48    44 6    49     6 -12.150 -10.848  -2.353  -7.327  -1.123  -1.564 
    IL    49    49 5    49     6  -2.579  -2.842  -0.760  -4.497  -5.274  -4.934  0.000  0.000  0.000  0.000 
    IR    50    50 6    50     5  -2.408  -0.496  -5.920  -4.087  -5.193          0.000  0.000  0.000  0.000 
				[ MATP   13 ]
    MP    51    50 6    55     6 -11.681 -11.620  -0.004 -10.397 -10.676 -11.071 -5.013 -5.203  0.083  0.019 -3.816 -5.712  2.178 -5.178 -2.045  0.413 -5.429 -0.358  2.422 -1.820  0.185 -3.861 
    ML    52    50 6    55     6  -6.250  -6.596  -1.310  -1.005  -6.446  -3.975  0.660 -0.612 -0.293 -0.076 
    MR    53    50 6    55     6 -10.071  -8.800  -0.120  -8.778  -3.912  -6.992 -0.979  0.008  0.877 -0.621 
     D    54    50 6    55     6 -11.483 -10.181  -0.267  -6.660  -6.678  -2.753 
    IL    55    55 5    55     6  -2.579  -2.842  -0.760  -4.497  -5.274  -4.934  0.000  0.000  0.000  0.000 
    IR    56    56 6    56     5  -2.408  -0.496  -5.920  -4.087  -5.193          0.000  0.000  0.000  0.000 
				[ MATP   14 ]
    MP    57    56 6    61     4 -10.781 -12.027  -0.820  -1.208                 -1.776 -1.498  1.201  1.085 -0.304 -1.218  2.010 -3.368 -3.575  0.881 -3.710 -2.150  1.018 -3.172  0.121 -3.083 
    ML    58    56 6    61     4  -2.408  -4.532  -1.293  -1.473                  0.660 -0.612 -0.293 -0.076 
    MR    59    56 6    61     4  -4.102 -12.528  -0.390  -2.485                  0.660 -0.612 -0.293 -0.076 
     D    60    56 6    61     4 -12.737 -14.007  -2.036  -0.404                 
    IL    61    61 5    61     4  -2.817  -4.319  -0.613  -2.698                  0.000  0.000  0.000  0.000 
    IR    62    62 6    62     3  -1.925  -0.554  -4.164                          0.000  0.000  0.000  0.000 
				[ MATR   15 ]
    MR    63    62 6    65     5  -1.020  -2.278  -9.856  -1.741 -10.960         -2.434 -0.655  1.639 -3.955 
     D    64    62 6    65     5 -10.243  -0.390  -2.695  -3.732  -7.294         
    IR    65    65 3    65     5  -1.912  -0.545  -9.883  -4.441  -9.157          0.000  0.000  0.000  0.000 
				[ MATP   16 ]
    MP    66    65 3    70     4 -10.483 -10.690  -0.760  -1.292                  2.441 -2.674 -0.130 -1.275 -1.421 -1.532 -1.355 -2.687  1.497  0.169 -3.038  0.289 -1.183 -0.257 -1.786 -0.055 
    ML    67    65 3    70     4  -1.639  -6.306  -0.653  -5.036                  0.046 -0.118 -0.535  0.439 
    MR    68    65 3    70     4  -9.105  -8.134  -0.294  -2.483                  0.790  0.621 -1.356 -1.543 
     D    69    65 3    70     4  -4.568  -4.250  -2.265  -0.520                 
    IL    70    70 5    70     4  -0.709  -5.068  -1.502  -7.553                  0.000  0.000  0.000  0.000 
    IR    71    71 6    71     3  -1.442  -0.798  -4.142                          0.000  0.000  0.000  0.000 
				[ MATL   17 ]
    ML    72    71 6    74     3 -11.336  -0.002  -9.990                          0.298 -0.945 -2.024  1.004 
     D    73    71 6    74     3 -11.710  -4.069  -0.089                         
    IL    74    74 3    74     3  -1.442  -0.798  -4.142                          0.000  0.000  0.000  0.000 
				[ MATL   18 ]
    ML    75    74 3    77     5 -10.325  -0.004 -10.140 -10.352 -11.244         -0.339 -0.694  0.404  0.343 
     D    76    74 3    77     5  -9.613  -0.025  -8.874  -7.249  -7.161         
    IL    77    77 3    77     5  -2.408  -0.496  -4.087  -5.920  -5.193          0.000  0.000  0.000  0.000 
				[ MATP   19 ]
    MP    78    77 3    82     4 -10.980  -5.783  -0.029  -9.601                  3.904 -1.719 -7.517 -4.545 -6.405 -8.582 -4.434 -7.639 -7.199 -4.975 -7.894 -5.375 -1.007 -7.277 -4.940 -6.583 
    ML    79    77 3    82     4  -3.758  -3.940  -0.507  -2.670                  0.660 -0.612 -0.293 -0.076 
    MR    80    77 3    82     4  -4.809  -3.838  -1.706  -0.766                  0.660 -0.612 -0.293 -0.076 
     D    81    77 3    82     4  -4.568  -4.250  -2.265  -0.520                 
    IL    82    82 5    82     4  -1.686  -2.369  -1.117  -4.855                  0.000  0.000  0.000  0.000 
    IR    83    83 6    83     3  -2.143  -0.437  -4.843                          0.000  0.000  0.000  0.000 
				[ MATL   20 ]
    ML    84    83 6    86     5 -10.842  -0.003 -10.658 -10.870 -11.761         -4.519 -3.967  1.951 -5.257 
     D    85    83 6    86     5  -4.959  -0.803  -4.221  -2.596  -2.508         
    IL    86    86 3    86     5  -2.408  -0.496  -4.087  -5.920  -5.193          0.000  0.000  0.000  0.000 
				[ MATP   21 ]
    MP    87    86 3    91     6 -11.886 -11.825  -0.003 -10.601 -10.881 -11.276 -11.161 -8.728 -10.686 -4.939 -10.604 -13.861 -5.559 -9.256 -9.669 -5.202 -9.452 -5.603  3.989 -10.219 -6.306 -8.672 
    ML    88    86 3    91     6  -6.250  -6.596  -1.310  -1.005  -6.446  -3.975  0.660 -0.612 -0.293 -0.076 
    MR    89    86 3    91     6  -6.988  -5.717  -1.625  -5.695  -0.829  -3.908  0.660 -0.612 -0.293 -0.076 
     D    90    86 3    91     6  -9.049  -7.747  -3.544  -4.226  -4.244  -0.319 
    IL    91    91 5    91     6  -2.579  -2.842  -0.760  -4.497  -5.274  -4.934  0.000  0.000  0.000  0.000 
    IR    92    92 6    92     5  -2.408  -0.496  -5.920  -4.087  -5.193          0.000  0.000  0.000  0.000 
				[ MATP   22 ]
    MP    93    92 6    97     6  -2.699 -11.825  -0.244 -10.601 -10.881 -11.276 -5.374 -6.455  3.804 -1.067 -0.725 -7.137 -3.462 -1.285 -5.908 -4.642 -6.778 -5.042 -2.344 -5.933 -3.881 -5.348 
    ML    94    92 6    97     6  -6.250  -6.596  -1.310  -1.005  -6.446  -3.975  0.660 -0.612 -0.293 -0.076 
    MR    95    92 6    97     6  -6.988  -5.717  -1.625  -5.695  -0.829  -3.908  0.660 -0.612 -0.293 -0.076 
     D    96    92 6    97     6  -9.049  -7.747  -3.544  -4.226  -4.244  -0.319 
    IL    97    97 5    97     6  -6.084  -1.499  -0.684  -8.002  -8.778  -8.438  0.000  0.000  0.000  0.000 
    IR    98    98 6    98     5  -2.475  -1.089  -7.868  -6.035  -1.597          0.000  0.000  0.000  0.000 
				[ MATP   23 ]
    MP    99    98 6   103     6  -3.699 -11.780  -0.265 -10.557  -4.658  -4.307 -5.694 -4.754 -6.567  2.456 -6.852 -1.261  1.737 -6.129 -5.835  1.620 -5.543  0.893  0.165 -5.838 -0.906 -4.993 
    ML   100    98 6   103     6  -6.250  -6.596  -1.310  -1.005  -6.446  -3.975  0.660 -0.612 -0.293 -0.076 
    MR   101    98 6   103     6  -6.988  -5.717  -1.625  -5.695  -0.829  -3.908  0.660 -0.612 -0.293 -0.076 
     D   102    98 6   103     6 -11.234  -9.932  -1.051  -6.411  -6.429  -1.022 
    IL   103   103 5   103     6  -2.372  -0.492  -3.616  -7.353  -8.129  -7.790  0.000  0.000  0.000  0.000 
    IR   104   104 6   104     5  -1.771  -1.395  -8.365  -6.533  -1.677          0.000  0.000  0.000  0.000 
				[ MATP   24 ]
    MP   105   104 6   109     4 -10.739 -10.946  -0.232  -2.762                 -6.617 -6.636 -6.693  0.945 -5.211 -7.317  2.927 -6.599 -7.103  0.701 -6.987 -3.336  1.897 -6.624 -0.160 -5.237 
    ML   106   104 6   109     4  -3.758  -3.940  -0.507  -2.670                  0.660 -0.612 -0.293 -0.076 
    MR   107   104 6   109     4  -6.966  -5.995  -3.862  -0.140                 -1.521 -2.643  1.696 -1.996 
     D   108   104 6   109     4  -8.162  -7.843  -1.007  -1.016                 
    IL   109   109 5   109     4  -1.686  -2.369  -1.117  -4.855                  0.000  0.000  0.000  0.000 
    IR   110   110 6   110     3  -1.442  -0.798  -4.142                          0.000  0.000  0.000  0.000 
				[ MATL   25 ]
    ML   111   110 6   113     3 -11.542  -0.123  -3.621                         -0.341 -0.206 -1.375  0.969 
     D   112   110 6   113     3 -11.159  -6.672  -0.015                         
    IL   113   113 3   113     3  -1.442  -0.798  -4.142                          0.000  0.000  0.000  0.000 
				[ MATL   26 ]
    ML   114   113 3   116     3 -11.421  -0.043  -5.121                         -0.351 -1.955  0.002  0.969 
     D   115   113 3   116     3 -11.516  -7.029  -0.012                         
    IL   116   116 3   116     3  -1.442  -0.798  -4.142                          0.000  0.000  0.000  0.000 
				[ MATL   27 ]
    ML   117   116 3   119     3 -11.380  -0.002 -10.034                         -0.640 -1.015 -0.559  1.128 
     D   118   116 3   119     3 -11.613  -7.126  -0.011                         
    IL   119   119 3   119     3  -1.442  -0.798  -4.142                          0.000  0.000  0.000  0.000 
				[ MATL   28 ]
    ML   120   119 3   122     3 -11.380  -0.043  -5.103                         -1.347 -0.274 -0.750  1.127 
     D   121   119 3   122     3 -11.613  -7.126  -0.011                         
    IL   122   122 3   122     3  -1.442  -0.798  -4.142                          0.000  0.000  0.000  0.000 
				[ MATL   29 ]
    ML   123   122 3   125     3 -11.339  -0.055  -4.747                         -0.214  0.052 -0.058  0.189 
     D   124   122 3   125     3 -11.702  -7.215  -0.010                         
    IL   125   125 3   125     3  -1.442  -0.798  -4.142                          0.000  0.000  0.000  0.000 
				[ MATL   30 ]
    ML   126   125 3   128     3 -11.286  -0.041  -5.161                         -0.109 -0.771  0.486  0.121 
     D   127   125 3   128     3 -11.807  -7.320  -0.009                         
    IL   128   128 3   128     3  -1.442  -0.798  -4.142                          0.000  0.000  0.000  0.000 
				[ MATL   31 ]
    ML   129   128 3   131     3 -11.247  -0.116  -3.704                         -0.289 -2.326  1.159 -0.417 
     D   130   128 3   131     3 -11.878  -7.391  -0.009                         
    IL   131   131 3   131     3  -1.442  -0.798  -4.142                          0.000  0.000  0.000  0.000 
				[ MATL   32 ]
    ML   132   131 3   134     3 -11.133  -0.047  -4.980                          1.618 -3.619 -0.784 -1.902 
     D   133   131 3   134     3 -12.055  -7.568  -0.008                         
    IL   134   134 3   134     3  -1.442  -0.798  -4.142                          0.000  0.000  0.000  0.000 
				[ MATL   33 ]
    ML   135   134 3   137     3  -0.262  -3.223  -4.081                         -0.247 -4.293  1.465 -1.535 
     D   136   134 3   137     3 -12.116  -7.629  -0.008                         
    IL   137   137 3   137     3  -0.255  -2.633 -10.900                          0.000  0.000  0.000  0.000 
				[ MATL   34 ]
    ML   138   137 3   140     3 -11.002  -0.002  -9.656                          0.442 -0.743  0.314 -0.320 
     D   139   137 3   140     3 -12.222  -3.137  -0.174                         
    IL   140   140 3   140     3  -1.442  -0.798  -4.142                          0.000  0.000  0.000  0.000 
				[ MATL   35 ]
    ML   141   140 3   143     3 -11.133  -0.002  -9.787                          0.716 -0.897 -0.349  0.050 
     D   142   140 3   143     3 -12.055  -3.049  -0.186                         
    IL   143   143 3   143     3  -1.442  -0.798  -4.142                          0.000  0.000  0.000  0.000 
				[ MATL   36 ]
    ML   144   143 3   146     3 -11.247  -0.002  -9.901                          0.140 -0.047  0.109 -0.231 
     D   145   143 3   146     3 -11.878  -7.391  -0.009                         
    IL   146   146 3   146     3  -1.442  -0.798  -4.142                          0.000  0.000  0.000  0.000 
				[ MATL   37 ]
    ML   147   146 3   149     3 -11.247  -0.002  -9.901                          0.233 -0.100 -0.101 -0.059 
     D   148   146 3   149     3 -11.878  -4.218  -0.080                         
    IL   149   149 3   149     3  -1.442  -0.798  -4.142                          0.000  0.000  0.000  0.000 
				[ MATL   38 ]
    ML   150   149 3   152     3 -11.286  -0.002  -9.940                         -0.398 -0.981  0.773  0.037 
     D   151   149 3   152     3 -11.807  -2.918  -0.205                         
    IL   152   152 3   152     3  -1.442  -0.798  -4.142                          0.000  0.000  0.000  0.000 
				[ MATL   39 ]
    ML   153   152 3   155     3 -11.380  -0.002 -10.034                          0.622 -0.891 -0.842  0.448 
     D   154   152 3   155     3 -11.613  -7.126  -0.011                         
    IL   155   155 3   155     3  -1.442  -0.798  -4.142                          0.000  0.000  0.000  0.000 
				[ MATL   40 ]
    ML   156   155 3   158     3 -11.380  -0.002 -10.034                          0.321 -1.037 -0.266  0.518 
     D   157   155 3   158     3 -11.613  -3.791  -0.109                         
    IL   158   158 3   158     3  -1.442  -0.798  -4.142                          0.000  0.000  0.000  0.000 
				[ MATL   41 ]
    ML   159   158 3   161     3 -11.421  -0.002 -10.075                         -0.048 -1.665  1.016 -0.526 
     D   160   158 3   161     3 -11.516  -3.746  -0.112                         
    IL   161   161 3   161     3  -1.442  -0.798  -4.142                          0.000  0.000  0.000  0.000 
				[ MATL   42 ]
    ML   162   161 3   164     3 -11.459  -0.002 -10.113                          0.849 -0.634 -0.328 -0.401 
     D   163   161 3   164     3 -11.416  -0.968  -1.033                         
    IL   164   164 3   164     3  -1.442  -0.798  -4.142                          0.000  0.000  0.000  0.000 
				[ MATL   43 ]
    ML   165   164 3   167     3 -11.701  -0.002 -10.355                         -0.021 -0.303  0.119  0.160 
     D   166   164 3   167     3 -10.408  -0.054  -4.799                         
    IL   167   167 3   167     3  -1.442  -0.798  -4.142                          0.000  0.000  0.000  0.000 
				[ MATL   44 ]
    ML   168   167 3   170     3 -11.896  -0.001 -10.550                         -3.929 -3.238  1.829 -1.866 
     D   169   167 3   170     3  -6.174  -1.687  -0.566                         
    IL   170   170 3   170     3  -1.442  -0.798  -4.142                          0.000  0.000  0.000  0.000 
				[ MATL   45 ]
    ML   171   170 3   173     3 -11.896  -0.001 -10.550                          0.415  0.311 -0.639 -0.351 
     D   172   170 3   173     3  -6.174  -1.687  -0.566                         
    IL   173   173 3   173     3  -1.442  -0.798  -4.142                          0.000  0.000  0.000  0.000 
				[ MATL   46 ]
    ML   174   173 3   176     3  -2.130  -0.375 -10.550                          0.212 -0.093  0.700 -1.838 
     D   175   173 3   176     3  -6.174  -1.687  -0.566                         
    IL   176   176 3   176     3  -4.625  -0.069  -7.325                          0.000  0.000  0.000  0.000 
				[ MATL   47 ]
    ML   177   176 3   179     3  -0.991  -2.473  -1.659                          1.839 -3.267 -1.992 -3.904 
     D   178   176 3   179     3  -6.174  -1.687  -0.566                         
    IL   179   179 3   179     3  -0.328  -2.301 -10.644                          0.000  0.000  0.000  0.000 
				[ MATL   48 ]
    ML   180   179 3   182     2       *   0.000                                  0.107 -3.290  0.327  0.647 
     D   181   179 3   182     2       *   0.000                                 
    IL   182   182 3   182     2  -1.823  -0.479                                  0.000  0.000  0.000  0.000 
				[ END    49 ]
     E   183   182 3    -1     0                                                 
//
