INFERNAL-1 [1.0.2]
NAME     sarcin-ricin-1
GA       15.00
STATES   127
NODES    30
ALPHABET 1
ELSELF   -0.08926734
WBETA    1e-07
NSEQ     11
EFFNSEQ  11.000
CLEN     41
BCOM     cmbuild -F sarcin-ricin-1/CM sarcin-ricin-1/SEED
BDATE    Wed May 30 12:09:11 2012
CCOM     /home/ppg15/bin/cmcalibrate --mpi -s 1 /home/ppg15/motifs/sarcin-ricin-1/CM
CDATE    Wed May 30 12:36:40 2012
NULL     0.000  0.000  0.000  0.000 
PART     1        0    100  
E-LC     0      0.66857    -5.53845     3.24169     1500000      398597  0.002822
E-GC     0      0.47858   -13.40714    -0.60737     1500000      171559  0.002186
E-LI     0      0.65499    -4.30585     4.02831     1500000      264177  0.004259
E-GI     0      0.53033   -10.13304     0.74477     1500000      120055  0.003124
E-LV     0      0.60268    -1.65634     6.42401    17510000      171122  0.007674
E-GV     0      0.50230    -5.80863     6.02130    17510000      166687  0.002626
E-LF     0      0.62213    -0.13559     7.67710    17510000      169533  0.007746
E-GF     0      0.51012    -4.55057     7.09360    17510000      166313  0.002632
FT-LC    37  0.99300  10000  1500000  0
            413.891    298.166    179.216    108.126    66.7991    36.5648    16.6446     10.738    7.31472      4.938    3.64177    3.62994    3.13225    2.34822    1.62841   0.959671   0.589216   0.299832   0.241705   0.177921   0.135245    0.11435  0.0627814  0.0536255  0.0478646  0.0438103  0.0341382  0.0265675  0.0208368  0.0171624  0.0112453 0.00960515 0.00922472 0.00856153 0.00792176 1.08003e-05 6.75511e-06 
            8902.82    7759.18    6932.85    6182.96    5358.62     4793.9    4259.45    3765.79    3387.84    3047.83    2528.92    2266.63    2008.93    1678.34    1428.57    1258.29    1125.69    1002.06     885.37    752.671    670.842     602.39    535.898    467.639    412.926    371.253     311.32    274.896    241.379    209.457    185.067    161.394    142.866    127.572    120.864    44.9135    12.0864 
FT-LI    38  0.99300  10000  1500000  0
            626.232    395.603    220.076    157.467    117.995    64.0861    27.8849    14.2728    9.79668    6.61086    5.81008    5.18555    4.03136    3.41452    2.22722     1.7057    1.11648   0.698778     0.4611    0.44062   0.298898    0.20536   0.158567   0.110062  0.0921074   0.081475     0.0736  0.0601719  0.0567327  0.0377496  0.0296361  0.0219836  0.0184308  0.0178334  0.0163875  0.0146128 2.60475e-05 1.63421e-05 
            8902.82    7759.18    6932.85    6182.96    5358.62     4793.9    4259.45    3765.79    3387.84    3047.83    2528.92    2266.63    2008.93    1707.83     1514.6    1351.62    1208.42    1085.12    974.393    866.839    752.671    670.842     602.39    535.898    467.639    412.926    371.253    321.156    288.206    250.248    221.107    194.874     171.54    151.376    133.416    120.864    44.9135    12.0864 
FT-GC    44  0.99300  10000  1500000  0
            4246.16    2396.16    1135.64    391.527    187.767     167.38     103.94    69.9159    54.5093    49.2968    25.2814    16.8299    14.5226    14.2711    12.2343    7.62757    5.88899    4.99285    2.89061    1.90904    1.50762    1.16898    1.02246    0.82138   0.677427   0.603518   0.441273   0.339432   0.279957   0.242226   0.220195   0.201874    0.17787   0.147695   0.110898  0.0978945  0.0894231  0.0811349 0.000799977 0.000454066 0.000408726 0.00027367 0.000178128 6.12271e-05 
             8604.2    7694.71    6811.51    5992.88    5348.49    4669.82    4110.69    3689.33    3275.87    2928.11     2610.6    2341.81    2040.49     1824.8    1636.92    1469.88    1317.86    1179.16    994.439    856.378    764.295    673.813    601.361    514.187    445.066    397.818    354.499    315.415    282.939     231.54    207.912     186.03    167.047    148.781      130.3    115.934    100.914    93.5854    60.2211    24.9032    19.7851    13.6406    12.1305    9.35855 
FT-GI    45  0.99300  10000  1500000  0
            3652.36    2316.11    1058.21    545.692    188.805    155.912    101.911    56.6578    44.9951    37.9401    20.1928     15.118     12.641    12.3815    8.57384    5.75416    4.58194    4.34273    1.96451    1.57929    1.28142    0.99315    0.90218   0.663782   0.491034   0.425108   0.344357    0.25857   0.213825   0.163081   0.145207   0.127636   0.116208  0.0969754  0.0797837  0.0628741  0.0523499  0.0486846  0.0409128 0.000393244 0.000208408 0.000186241 0.000119609 7.44711e-05 2.27938e-05 
             8604.2    7694.71    6811.51    5992.88    5348.49    4669.82    4110.69    3689.33    3275.87    2928.11     2610.6    2341.81    2040.49     1824.8    1636.92    1469.88    1317.86    1179.16    1019.09    914.162     817.95    725.174    642.921    562.201    491.866    438.978    389.982    349.829    309.517    268.319     231.54    207.912     186.03    167.047    148.781      130.3    115.934    100.914    93.5854    60.2211    24.9032    19.7851    13.6406    12.1305    9.35855 
MODEL:
				[ ROOT    0 ]
     S     0    -1 0     1     4  -1.579  -1.848  -1.389  -7.407                 
    IL     1     1 2     1     4  -4.318  -5.002  -0.131  -7.487                  0.000  0.000  0.000  0.000 
    IR     2     2 3     2     3  -1.074  -0.959  -6.535                          0.000  0.000  0.000  0.000 
				[ MATL    1 ]
    ML     3     2 3     5     3  -9.726  -0.006  -8.380                         -0.103  0.406  0.443 -1.381 
     D     4     2 3     5     3  -6.174  -1.687  -0.566                         
    IL     5     5 3     5     3  -1.442  -0.798  -4.142                          0.000  0.000  0.000  0.000 
				[ MATL    2 ]
    ML     6     5 3     8     3  -9.726  -0.006  -8.380                         -1.347 -0.094  0.680  0.095 
     D     7     5 3     8     3  -6.174  -1.687  -0.566                         
    IL     8     8 3     8     3  -1.442  -0.798  -4.142                          0.000  0.000  0.000  0.000 
				[ MATL    3 ]
    ML     9     8 3    11     3 -10.049  -0.006  -8.366                          0.770 -0.344 -0.951 -0.015 
     D    10     8 3    11     3  -5.620  -0.734  -1.403                         
    IL    11    11 3    11     3  -1.925  -0.554  -4.164                          0.000  0.000  0.000  0.000 
				[ MATR    4 ]
    MR    12    11 3    14     3 -10.049  -0.006  -8.366                          1.184 -2.712  0.433 -2.157 
     D    13    11 3    14     3  -6.390  -1.568  -0.620                         
    IR    14    14 3    14     3  -1.925  -0.554  -4.164                          0.000  0.000  0.000  0.000 
				[ MATR    5 ]
    MR    15    14 3    17     3 -10.049  -0.006  -8.366                          1.160 -1.111 -0.043 -1.590 
     D    16    14 3    17     3  -6.390  -1.568  -0.620                         
    IR    17    17 3    17     3  -1.925  -0.554  -4.164                          0.000  0.000  0.000  0.000 
				[ MATR    6 ]
    MR    18    17 3    20     3 -10.049  -0.006  -8.366                          0.894  0.091 -0.516 -1.403 
     D    19    17 3    20     3  -6.390  -1.568  -0.620                         
    IR    20    20 3    20     3  -1.925  -0.554  -4.164                          0.000  0.000  0.000  0.000 
				[ MATR    7 ]
    MR    21    20 3    23     5  -8.720  -0.013  -8.535  -8.747  -9.639          1.948 -4.708 -4.407 -4.154 
     D    22    20 3    23     5  -5.352  -0.707  -2.978  -4.409  -2.404         
    IR    23    23 3    23     5  -2.408  -0.496  -5.920  -4.087  -5.193          0.000  0.000  0.000  0.000 
				[ MATP    8 ]
    MP    24    23 3    28     6 -10.095 -10.034  -0.011  -8.811  -9.091  -9.486 -6.398 -5.987  3.358 -2.435 -6.002 -8.148 -2.764 -6.369 -6.333  2.289 -6.584 -3.216 -2.186 -6.547 -3.520 -5.555 
    ML    25    23 3    28     6  -6.250  -6.596  -1.310  -1.005  -6.446  -3.975  0.660 -0.612 -0.293 -0.076 
    MR    26    23 3    28     6  -6.988  -5.717  -1.625  -5.695  -0.829  -3.908  0.660 -0.612 -0.293 -0.076 
     D    27    23 3    28     6  -9.049  -7.747  -3.544  -4.226  -4.244  -0.319 
    IL    28    28 5    28     6  -2.579  -2.842  -0.760  -4.497  -5.274  -4.934  0.000  0.000  0.000  0.000 
    IR    29    29 6    29     5  -2.408  -0.496  -5.920  -4.087  -5.193          0.000  0.000  0.000  0.000 
				[ MATP    9 ]
    MP    30    29 6    34     4  -8.615  -9.861  -0.485  -1.828                 -7.386 -6.458 -6.495  2.089 -5.587 -7.355  3.357 -6.352 -7.589 -1.324 -6.395 -2.841 -0.695 -7.607 -2.128 -5.596 
    ML    31    29 6    34     4  -2.408  -4.532  -1.293  -1.473                  0.660 -0.612 -0.293 -0.076 
    MR    32    29 6    34     4  -4.102 -12.528  -0.390  -2.485                  0.660 -0.612 -0.293 -0.076 
     D    33    29 6    34     4 -12.737 -14.007  -2.036  -0.404                 
    IL    34    34 5    34     4  -2.817  -4.319  -0.613  -2.698                  0.000  0.000  0.000  0.000 
    IR    35    35 6    35     3  -1.925  -0.554  -4.164                          0.000  0.000  0.000  0.000 
				[ MATR   10 ]
    MR    36    35 6    38     5  -8.288  -0.017  -8.103  -8.315  -9.207          1.927 -4.206 -3.962 -3.669 
     D    37    35 6    38     5  -7.673  -3.028  -0.277  -6.730  -4.725         
    IR    38    38 3    38     5  -2.408  -0.496  -5.920  -4.087  -5.193          0.000  0.000  0.000  0.000 
				[ MATP   11 ]
    MP    39    38 3    43     6  -9.792  -9.731  -0.013  -8.507  -8.787  -9.182 -6.077 -6.296 -4.370 -1.575 -4.001 -4.987  3.685 -5.044 -7.669 -1.507 -4.413 -3.372  0.738 -6.759 -1.350 -5.013 
    ML    40    38 3    43     6  -8.836  -9.182  -0.151  -3.591  -9.032  -6.561 -2.243  1.780 -3.096 -2.073 
    MR    41    38 3    43     6  -6.988  -5.717  -1.625  -5.695  -0.829  -3.908  0.660 -0.612 -0.293 -0.076 
     D    42    38 3    43     6  -9.049  -7.747  -3.544  -4.226  -4.244  -0.319 
    IL    43    43 5    43     6  -2.579  -2.842  -0.760  -4.497  -5.274  -4.934  0.000  0.000  0.000  0.000 
    IR    44    44 6    44     5  -2.408  -0.496  -5.920  -4.087  -5.193          0.000  0.000  0.000  0.000 
				[ MATP   12 ]
    MP    45    44 6    49     6 -10.095 -10.034  -0.011  -8.811  -9.091  -9.486 -6.197 -5.697 -6.347 -0.371 -4.830 -6.999  2.622 -5.964 -6.634  2.376 -6.421 -2.110  1.634 -6.391 -1.449 -4.673 
    ML    46    44 6    49     6  -6.250  -6.596  -1.310  -1.005  -6.446  -3.975  0.660 -0.612 -0.293 -0.076 
    MR    47    44 6    49     6  -6.988  -5.717  -1.625  -5.695  -0.829  -3.908  0.660 -0.612 -0.293 -0.076 
     D    48    44 6    49     6  -9.049  -7.747  -3.544  -4.226  -4.244  -0.319 
    IL    49    49 5    49     6  -2.579  -2.842  -0.760  -4.497  -5.274  -4.934  0.000  0.000  0.000  0.000 
    IR    50    50 6    50     5  -2.408  -0.496  -5.920  -4.087  -5.193          0.000  0.000  0.000  0.000 
				[ MATP   13 ]
    MP    51    50 6    55     6 -10.095 -10.034  -0.011  -8.811  -9.091  -9.486  1.325 -3.229 -4.845  1.498 -5.045 -4.844  0.651 -4.490 -4.188  2.798 -3.990 -0.880 -0.298 -4.175 -1.864 -3.462 
    ML    52    50 6    55     6  -6.250  -6.596  -1.310  -1.005  -6.446  -3.975  0.660 -0.612 -0.293 -0.076 
    MR    53    50 6    55     6  -6.988  -5.717  -1.625  -5.695  -0.829  -3.908  0.660 -0.612 -0.293 -0.076 
     D    54    50 6    55     6  -9.049  -7.747  -3.544  -4.226  -4.244  -0.319 
    IL    55    55 5    55     6  -2.579  -2.842  -0.760  -4.497  -5.274  -4.934  0.000  0.000  0.000  0.000 
    IR    56    56 6    56     5  -2.408  -0.496  -5.920  -4.087  -5.193          0.000  0.000  0.000  0.000 
				[ MATP   14 ]
    MP    57    56 6    61     6 -10.095 -10.034  -0.011  -8.811  -9.091  -9.486 -4.320 -4.195  1.879 -0.228 -4.222 -5.389  1.705 -4.810 -4.615  2.709 -4.807 -1.879 -0.444 -4.553 -1.950 -3.890 
    ML    58    56 6    61     6  -6.250  -6.596  -1.310  -1.005  -6.446  -3.975  0.660 -0.612 -0.293 -0.076 
    MR    59    56 6    61     6  -6.988  -5.717  -1.625  -5.695  -0.829  -3.908  0.660 -0.612 -0.293 -0.076 
     D    60    56 6    61     6  -9.049  -7.747  -3.544  -4.226  -4.244  -0.319 
    IL    61    61 5    61     6  -2.579  -2.842  -0.760  -4.497  -5.274  -4.934  0.000  0.000  0.000  0.000 
    IR    62    62 6    62     5  -2.408  -0.496  -5.920  -4.087  -5.193          0.000  0.000  0.000  0.000 
				[ MATP   15 ]
    MP    63    62 6    67     6 -10.095 -10.034  -0.011  -8.811  -9.091  -9.486 -5.136 -4.871 -5.411  0.982 -4.066 -5.935  1.407 -5.223 -5.535  1.879 -5.432 -1.768  2.736 -5.218 -1.274 -3.909 
    ML    64    62 6    67     6  -6.250  -6.596  -1.310  -1.005  -6.446  -3.975  0.660 -0.612 -0.293 -0.076 
    MR    65    62 6    67     6  -6.988  -5.717  -1.625  -5.695  -0.829  -3.908  0.660 -0.612 -0.293 -0.076 
     D    66    62 6    67     6  -9.049  -7.747  -3.544  -4.226  -4.244  -0.319 
    IL    67    67 5    67     6  -2.579  -2.842  -0.760  -4.497  -5.274  -4.934  0.000  0.000  0.000  0.000 
    IR    68    68 6    68     5  -2.408  -0.496  -5.920  -4.087  -5.193          0.000  0.000  0.000  0.000 
				[ MATP   16 ]
    MP    69    68 6    73     6 -10.095 -10.034  -0.011  -8.811  -9.091  -9.486 -7.219 -6.234 -7.487 -2.600 -6.782 -9.186 -3.093 -6.671  3.753  0.856 -6.883 -3.289 -2.509 -7.134 -3.789 -5.944 
    ML    70    68 6    73     6  -6.250  -6.596  -1.310  -1.005  -6.446  -3.975  0.660 -0.612 -0.293 -0.076 
    MR    71    68 6    73     6  -6.988  -5.717  -1.625  -5.695  -0.829  -3.908  0.660 -0.612 -0.293 -0.076 
     D    72    68 6    73     6  -9.049  -7.747  -3.544  -4.226  -4.244  -0.319 
    IL    73    73 5    73     6  -2.579  -2.842  -0.760  -4.497  -5.274  -4.934  0.000  0.000  0.000  0.000 
    IR    74    74 6    74     5  -2.408  -0.496  -5.920  -4.087  -5.193          0.000  0.000  0.000  0.000 
				[ MATP   17 ]
    MP    75    74 6    79     4  -8.615  -9.861  -0.024  -6.314                 -6.294 -5.063 -6.743  3.908 -7.033 -7.154 -2.683 -5.643 -6.295 -1.807 -6.658 -2.835 -2.397 -6.542 -3.735 -5.224 
    ML    76    74 6    79     4  -2.408  -4.532  -1.293  -1.473                  0.660 -0.612 -0.293 -0.076 
    MR    77    74 6    79     4  -4.102 -12.528  -0.390  -2.485                  0.660 -0.612 -0.293 -0.076 
     D    78    74 6    79     4 -12.737 -14.007  -2.036  -0.404                 
    IL    79    79 5    79     4  -2.817  -4.319  -0.613  -2.698                  0.000  0.000  0.000  0.000 
    IR    80    80 6    80     3  -1.925  -0.554  -4.164                          0.000  0.000  0.000  0.000 
				[ MATR   18 ]
    MR    81    80 6    83     5  -8.720  -0.013  -8.535  -8.747  -9.639         -1.324 -3.896  1.774 -3.141 
     D    82    80 6    83     5  -5.352  -0.707  -2.978  -4.409  -2.404         
    IR    83    83 3    83     5  -2.408  -0.496  -5.920  -4.087  -5.193          0.000  0.000  0.000  0.000 
				[ MATP   19 ]
    MP    84    83 3    88     6 -10.095 -10.034  -0.011  -8.811  -9.091  -9.486  3.139 -4.099 -3.753 -1.784  2.061 -4.722 -1.118 -4.134 -3.517 -2.434 -4.408 -2.838  0.022 -3.534 -1.524 -2.965 
    ML    85    83 3    88     6  -6.250  -6.596  -1.310  -1.005  -6.446  -3.975  0.660 -0.612 -0.293 -0.076 
    MR    86    83 3    88     6  -6.988  -5.717  -1.625  -5.695  -0.829  -3.908  0.660 -0.612 -0.293 -0.076 
     D    87    83 3    88     6  -9.049  -7.747  -3.544  -4.226  -4.244  -0.319 
    IL    88    88 5    88     6  -2.579  -2.842  -0.760  -4.497  -5.274  -4.934  0.000  0.000  0.000  0.000 
    IR    89    89 6    89     5  -2.408  -0.496  -5.920  -4.087  -5.193          0.000  0.000  0.000  0.000 
				[ MATP   20 ]
    MP    90    89 6    94     4  -8.786  -8.993  -0.486  -1.828                 -2.683 -3.446 -3.272 -1.459  0.269  3.112 -0.946  0.253 -3.131 -1.818 -3.775 -2.327  0.065 -3.018 -1.353  0.575 
    ML    91    89 6    94     4  -3.758  -3.940  -0.507  -2.670                  0.660 -0.612 -0.293 -0.076 
    MR    92    89 6    94     4  -4.809  -3.838  -1.706  -0.766                  0.660 -0.612 -0.293 -0.076 
     D    93    89 6    94     4  -4.568  -4.250  -2.265  -0.520                 
    IL    94    94 5    94     4  -1.686  -2.369  -1.117  -4.855                  0.000  0.000  0.000  0.000 
    IR    95    95 6    95     3  -1.442  -0.798  -4.142                          0.000  0.000  0.000  0.000 
				[ MATL   21 ]
    ML    96    95 6    98     3  -9.605  -0.008  -7.923                         -3.142 -3.008 -3.880  1.885 
     D    97    95 6    98     3  -8.241  -3.355  -0.154                         
    IL    98    98 3    98     3  -1.925  -0.554  -4.164                          0.000  0.000  0.000  0.000 
				[ MATR   22 ]
    MR    99    98 3   101     5  -8.288  -0.017  -8.103  -8.315  -9.207         -3.142 -3.008 -3.880  1.885 
     D   100    98 3   101     5  -7.673  -0.116  -5.299  -6.730  -4.725         
    IR   101   101 3   101     5  -2.408  -0.496  -5.920  -4.087  -5.193          0.000  0.000  0.000  0.000 
				[ MATP   23 ]
    MP   102   101 3   106     6 -10.095 -10.034  -0.011  -8.811  -9.091  -9.486 -6.837 -4.772 -7.447 -0.961 -6.956 -5.558 -1.625 -6.651 -5.833  3.600 -5.467 -2.236  1.347 -5.393 -3.256 -5.615 
    ML   103   101 3   106     6  -6.250  -6.596  -1.310  -1.005  -6.446  -3.975  0.660 -0.612 -0.293 -0.076 
    MR   104   101 3   106     6  -6.988  -5.717  -1.625  -5.695  -0.829  -3.908  0.660 -0.612 -0.293 -0.076 
     D   105   101 3   106     6  -9.049  -7.747  -3.544  -4.226  -4.244  -0.319 
    IL   106   106 5   106     6  -2.579  -2.842  -0.760  -4.497  -5.274  -4.934  0.000  0.000  0.000  0.000 
    IR   107   107 6   107     5  -2.408  -0.496  -5.920  -4.087  -5.193          0.000  0.000  0.000  0.000 
				[ MATP   24 ]
    MP   108   107 6   112     4  -8.786  -1.848  -0.486  -7.407                 -6.294 -5.063 -6.743  3.908 -7.033 -7.154 -2.683 -5.643 -6.295 -1.807 -6.658 -2.835 -2.397 -6.542 -3.735 -5.224 
    ML   109   107 6   112     4  -3.758  -3.940  -0.507  -2.670                  0.660 -0.612 -0.293 -0.076 
    MR   110   107 6   112     4  -4.809  -3.838  -1.706  -0.766                  0.660 -0.612 -0.293 -0.076 
     D   111   107 6   112     4  -4.568  -4.250  -2.265  -0.520                 
    IL   112   112 5   112     4  -1.686  -2.369  -1.117  -4.855                  0.000  0.000  0.000  0.000 
    IR   113   113 6   113     3  -0.534  -1.723  -7.299                          0.000  0.000  0.000  0.000 
				[ MATL   25 ]
    ML   114   113 6   116     3  -1.883  -0.462  -8.380                          1.421 -0.720 -1.228 -1.798 
     D   115   113 6   116     3  -6.174  -1.687  -0.566                         
    IL   116   116 3   116     3  -0.809  -1.250  -6.826                          0.000  0.000  0.000  0.000 
				[ MATL   26 ]
    ML   117   116 3   119     3  -9.726  -0.006  -8.380                          0.569 -3.008  1.140 -2.402 
     D   118   116 3   119     3  -6.174  -1.687  -0.566                         
    IL   119   119 3   119     3  -1.442  -0.798  -4.142                          0.000  0.000  0.000  0.000 
				[ MATL   27 ]
    ML   120   119 3   122     3  -9.726  -0.118  -3.689                         -1.901  1.827 -4.243 -2.918 
     D   121   119 3   122     3  -6.174  -1.687  -0.566                         
    IL   122   122 3   122     3  -1.442  -0.798  -4.142                          0.000  0.000  0.000  0.000 
				[ MATL   28 ]
    ML   123   122 3   125     2       *   0.000                                  1.573 -2.728 -0.609 -2.204 
     D   124   122 3   125     2       *   0.000                                 
    IL   125   125 3   125     2  -1.823  -0.479                                  0.000  0.000  0.000  0.000 
				[ END    29 ]
     E   126   125 3    -1     0                                                 
//
