INFERNAL1/a [1.1rc1 | June 2012]
NAME     HuR_binding
DESC     HuR binding site
STATES   55
NODES    13
CLEN     17
W        40
ALPH     RNA
RF       no
CONS     yes
MAP      yes
DATE     Thu Sep 20 14:27:20 2012
COM      [1] /share/data/bin/cmbuild -F /share/data/people/ppg15/motifs/HuR_binding/CM /share/data/people/ppg15/motifs/HuR_binding/SEED
COM      [2] /share/data/bin/cmcalibrate --mpi --seed 1 /share/data/people/ppg15/motifs/HuR_binding/CM
PBEGIN   0.05
PEND     0.05
WBETA    1e-07
QDBBETA1 1e-07
QDBBETA2 1e-15
N2OMEGA  1.52588e-05
N3OMEGA  1.52588e-05
ELSELF   -0.08926734
NSEQ     8
EFFN     8.000000
CKSUM    1149893099
NULL     0.000  0.000  0.000  0.000 
GA       12.00
EFP7GF   -0.0048 1.00499
ECMLC    0.72242     0.46374     8.28702     1600000      341739  0.003511
ECMGC    0.81497     2.05348    10.02600     1600000      265360  0.001507
ECMLI    0.76168     1.28053     8.55595     1600000      306080  0.003921
ECMGI    0.82863     2.30534    10.11587     1600000      258715  0.001546
CM
                                             [ ROOT    0 ]      -      - - - - -
     S     0    -1 0     1     6     1     1    40    68  -9.837  -9.776  -0.013  -8.553  -8.832  -9.227 
    IL     1     1 2     1     6     1     1    42    70  -2.579  -2.842  -0.760  -4.497  -5.274  -4.934  0.000  0.000  0.000  0.000 
    IR     2     2 3     2     5     1     1    41    70  -2.408  -0.496  -5.920  -4.087  -5.193          0.000  0.000  0.000  0.000 
                                             [ MATP    1 ]      1     20 u a - -
    MP     3     2 3     7     6     2     2    40    68  -9.837  -9.776  -0.013  -8.553  -8.832  -9.227 -4.433 -3.657 -4.499  0.038 -4.383 -5.627  0.073 -4.495 -4.397  1.513 -4.931  1.869  2.736 -4.845 -1.970 -3.302 
    ML     4     2 3     7     6     1     1    39    67  -6.250  -6.596  -1.310  -1.005  -6.446  -3.975  0.368 -0.385 -0.191  0.094 
    MR     5     2 3     7     6     1     1    38    67  -6.988  -5.717  -1.625  -5.695  -0.829  -3.908  0.368 -0.385 -0.191  0.094 
     D     6     2 3     7     6     0     0    36    64  -9.049  -7.747  -3.544  -4.226  -4.244  -0.319 
    IL     7     7 5     7     6     1     1    40    68  -2.579  -2.842  -0.760  -4.497  -5.274  -4.934  0.000  0.000  0.000  0.000 
    IR     8     8 6     8     5     1     1    39    68  -2.408  -0.496  -5.920  -4.087  -5.193          0.000  0.000  0.000  0.000 
                                             [ MATP    2 ]      2     19 u a - -
    MP     9     8 6    13     6     2     2    38    66  -9.837  -9.776  -0.013  -8.553  -8.832  -9.227 -3.566 -3.300 -3.646  0.292 -3.230 -4.465  1.060 -3.677 -3.669  1.479 -4.178  1.734  2.033 -3.782  0.692 -2.599 
    ML    10     8 6    13     6     1     1    37    65  -6.250  -6.596  -1.310  -1.005  -6.446  -3.975  0.368 -0.385 -0.191  0.094 
    MR    11     8 6    13     6     1     1    36    65  -6.988  -5.717  -1.625  -5.695  -0.829  -3.908  0.368 -0.385 -0.191  0.094 
     D    12     8 6    13     6     0     0    34    62  -9.049  -7.747  -3.544  -4.226  -4.244  -0.319 
    IL    13    13 5    13     6     1     1    38    66  -2.579  -2.842  -0.760  -4.497  -5.274  -4.934  0.000  0.000  0.000  0.000 
    IR    14    14 6    14     5     1     1    37    66  -2.408  -0.496  -5.920  -4.087  -5.193          0.000  0.000  0.000  0.000 
                                             [ MATP    3 ]      3     18 g c - -
    MP    15    14 6    19     6     2     2    36    64  -9.837  -9.776  -0.013  -8.553  -8.832  -9.227 -3.345 -2.952 -3.417  1.767 -3.284 -4.204  1.388 -3.625 -3.517  1.797 -4.004  1.047  1.569 -3.493 -1.031 -2.440 
    ML    16    14 6    19     6     1     1    35    63  -6.250  -6.596  -1.310  -1.005  -6.446  -3.975  0.368 -0.385 -0.191  0.094 
    MR    17    14 6    19     6     1     1    34    63  -6.988  -5.717  -1.625  -5.695  -0.829  -3.908  0.368 -0.385 -0.191  0.094 
     D    18    14 6    19     6     0     0    31    60  -9.049  -7.747  -3.544  -4.226  -4.244  -0.319 
    IL    19    19 5    19     6     1     1    36    64  -2.579  -2.842  -0.760  -4.497  -5.274  -4.934  0.000  0.000  0.000  0.000 
    IR    20    20 6    20     5     1     1    35    64  -2.408  -0.496  -5.920  -4.087  -5.193          0.000  0.000  0.000  0.000 
                                             [ MATP    4 ]      4     17 a u - -
    MP    21    20 6    25     6     2     2    34    63  -9.837  -9.776  -0.013  -8.553  -8.832  -9.227 -3.287 -3.110 -3.408  2.616 -3.171 -4.271  0.860 -3.549 -3.436  0.693 -3.970  0.353  1.340 -3.568  0.719 -2.453 
    ML    22    20 6    25     6     1     1    32    61  -6.250  -6.596  -1.310  -1.005  -6.446  -3.975  0.368 -0.385 -0.191  0.094 
    MR    23    20 6    25     6     1     1    32    61  -6.988  -5.717  -1.625  -5.695  -0.829  -3.908  0.368 -0.385 -0.191  0.094 
     D    24    20 6    25     6     0     0    29    58  -9.049  -7.747  -3.544  -4.226  -4.244  -0.319 
    IL    25    25 5    25     6     1     1    34    62  -2.579  -2.842  -0.760  -4.497  -5.274  -4.934  0.000  0.000  0.000  0.000 
    IR    26    26 6    26     5     1     1    33    62  -2.408  -0.496  -5.920  -4.087  -5.193          0.000  0.000  0.000  0.000 
                                             [ MATP    5 ]      5     16 a u - -
    MP    27    26 6    31     6     2     2    32    61  -9.837  -9.776  -0.013  -8.553  -8.832  -9.227 -3.485 -3.190 -3.563  2.285 -3.279 -4.371  0.908 -3.680 -3.621  1.577 -4.122 -1.146  1.101 -3.687  1.471 -2.568 
    ML    28    26 6    31     6     1     1    30    59  -6.250  -6.596  -1.310  -1.005  -6.446  -3.975  0.368 -0.385 -0.191  0.094 
    MR    29    26 6    31     6     1     1    30    58  -6.988  -5.717  -1.625  -5.695  -0.829  -3.908  0.368 -0.385 -0.191  0.094 
     D    30    26 6    31     6     0     0    27    56  -9.049  -7.747  -3.544  -4.226  -4.244  -0.319 
    IL    31    31 5    31     6     1     1    32    60  -2.579  -2.842  -0.760  -4.497  -5.274  -4.934  0.000  0.000  0.000  0.000 
    IR    32    32 6    32     5     1     1    31    60  -2.408  -0.496  -5.920  -4.087  -5.193          0.000  0.000  0.000  0.000 
                                             [ MATP    6 ]      6     15 a u - -
    MP    33    32 6    37     4     2     2    30    59  -1.861  -8.601  -0.485  -7.015                 -3.223 -3.058 -3.347  2.030 -3.111 -4.200  0.910 -3.494 -3.378  0.735 -3.910  1.558  1.593 -3.499  0.472 -2.399 
    ML    34    32 6    37     4     1     1    27    55  -3.758  -3.940  -0.507  -2.670                  0.368 -0.385 -0.191  0.094 
    MR    35    32 6    37     4     1     1    26    54  -4.809  -3.838  -1.706  -0.766                  0.368 -0.385 -0.191  0.094 
     D    36    32 6    37     4     0     0    25    54  -4.568  -4.250  -2.265  -0.520                 
    IL    37    37 5    37     4     1     1    30    58  -0.940  -5.408  -1.148  -7.893                  0.000  0.000  0.000  0.000 
    IR    38    38 6    38     3     1     1    22    40  -1.442  -0.798  -4.142                          0.000  0.000  0.000  0.000 
                                             [ MATL    7 ]     10      - U - - -
    ML    39    38 6    41     3     1     1    16    35  -9.343  -0.008  -7.997                         -3.927 -3.576 -4.722  1.931 
     D    40    38 6    41     3     0     0    17    35  -6.174  -1.687  -0.566                         
    IL    41    41 3    41     3     1     1    21    39  -1.442  -0.798  -4.142                          0.000  0.000  0.000  0.000 
                                             [ MATL    8 ]     11      - U - - -
    ML    42    41 3    44     3     1     1    15    34  -9.343  -0.008  -7.997                         -1.660 -2.037 -0.036  1.301 
     D    43    41 3    44     3     0     0    15    34  -6.174  -1.687  -0.566                         
    IL    44    44 3    44     3     1     1    19    38  -1.442  -0.798  -4.142                          0.000  0.000  0.000  0.000 
                                             [ MATL    9 ]     12      - u - - -
    ML    45    44 3    47     3     1     1    14    32  -9.343  -0.106  -3.856                         -0.190  0.029 -0.334  0.389 
     D    46    44 3    47     3     0     0    14    33  -6.174  -1.687  -0.566                         
    IL    47    47 3    47     3     1     1    18    37  -1.442  -0.798  -4.142                          0.000  0.000  0.000  0.000 
                                             [ MATL   10 ]     13      - g - - -
    ML    48    47 3    50     3     1     1    12    31  -9.246  -0.312  -2.376                          0.117 -0.671  0.490 -0.179 
     D    49    47 3    50     3     0     0    12    31  -7.534  -3.047  -0.195                         
    IL    50    50 3    50     3     1     1    18    36  -1.442  -0.798  -4.142                          0.000  0.000  0.000  0.000 
                                             [ MATL   11 ]     14      - U - - -
    ML    51    50 3    53     2     1     1     1     1       *   0.000                                 -0.556 -1.804 -2.342  1.504 
     D    52    50 3    53     2     0     0     0     0       *   0.000                                 
    IL    53    53 3    53     2     1     1    13    28  -1.823  -0.479                                  0.000  0.000  0.000  0.000 
                                             [ END    12 ]      -      - - - - -
     E    54    53 3    -1     0     0     0     0     0                                                 
//
HMMER3/f [i1.1rc1 | June 2012]
NAME  HuR_binding
DESC  HuR binding site
LENG  17
MAXL  77
ALPH  RNA
RF    no
MM    no
CONS  yes
CS    yes
MAP   yes
DATE  Thu Sep 20 14:27:20 2012
COM   [1] /share/data/bin/cmbuild -F /share/data/people/ppg15/motifs/HuR_binding/CM /share/data/people/ppg15/motifs/HuR_binding/SEED
NSEQ  8
EFFN  8.000000
CKSUM 1149893099
STATS LOCAL MSV       -9.1486  1.00499
STATS LOCAL VITERBI  -10.3243  1.00499
STATS LOCAL FORWARD   -1.1536  1.00499
HMM          A        C        G        U   
            m->m     m->i     m->d     i->m     i->i     d->m     d->d
  COMPO   1.53812  1.89550  1.43499  0.92419
          1.38629  1.38629  1.38629  1.38629
          0.01980  4.62497  4.62497  1.46634  0.26236  0.00000        *
      1   2.58430  2.61603  0.88875  0.82032      1 u - - <
          1.38629  1.38629  1.38629  1.38629
          0.01980  4.62497  4.62497  1.46634  0.26236  1.09861  0.40547
      2   2.36290  1.93170  0.94231  0.99094      2 g - - <
          1.38629  1.38629  1.38629  1.38629
          0.01980  4.62497  4.62497  1.46634  0.26236  1.09861  0.40547
      3   1.45535  1.72311  1.03577  1.45578      3 g - - <
          1.38629  1.38629  1.38629  1.38629
          0.01980  4.62497  4.62497  1.46634  0.26236  1.09861  0.40547
      4   0.91060  2.04577  1.65666  1.28135      4 a - - <
          1.38629  1.38629  1.38629  1.38629
          0.01980  4.62497  4.62497  1.46634  0.26236  1.09861  0.40547
      5   1.13220  2.02543  1.49897  1.13203      5 u - - <
          1.38629  1.38629  1.38629  1.38629
          0.01980  4.62497  4.62497  1.46634  0.26236  1.09861  0.40547
      6   1.28797  2.00983  1.21171  1.22939      6 g - - <
          1.38629  1.38629  1.38629  1.38629
          0.32240  1.32506  4.62497  0.82023  0.58041  1.09861  0.40547
      7   4.10800  3.86502  4.65931  0.04801     10 U - - _
          1.38629  1.38629  1.38629  1.38629
          0.01980  4.62497  4.62497  1.46634  0.26236  1.09861  0.40547
      8   2.53715  2.79838  1.41138  0.48419     11 U - - _
          1.38629  1.38629  1.38629  1.38629
          0.01980  4.62497  4.62497  1.46634  0.26236  1.09861  0.40547
      9   1.51791  1.36612  1.61789  1.11651     12 u - - _
          1.38629  1.38629  1.38629  1.38629
          0.08621  4.62497  2.62010  1.46634  0.26236  1.09861  0.40547
     10   1.30493  1.85140  1.04698  1.51053     13 g - - _
          1.38629  1.38629  1.38629  1.38629
          0.22659  4.55991  1.64876  1.46634  0.26236  2.24338  0.11216
     11   1.77151  2.63650  3.00934  0.34392     14 U - - _
          1.38629  1.38629  1.38629  1.38629
          0.02591  4.35923  4.35923  1.46634  0.26236  0.07755  2.59537
     12   1.56454  2.11305  1.53946  0.78647     15 u - - >
          1.38629  1.38629  1.38629  1.38629
          0.01980  4.62497  4.62497  1.46634  0.26236  1.09861  0.40547
     13   1.88288  1.60375  1.20758  1.05616     16 u - - >
          1.38629  1.38629  1.38629  1.38629
          0.01980  4.62497  4.62497  1.46634  0.26236  1.09861  0.40547
     14   1.72558  2.14412  1.48674  0.73679     17 u - - >
          1.38629  1.38629  1.38629  1.38629
          0.01980  4.62497  4.62497  1.46634  0.26236  1.09861  0.40547
     15   1.58981  1.45248  1.58972  1.02704     18 u - - >
          1.38629  1.38629  1.38629  1.38629
          0.01980  4.62497  4.62497  1.46634  0.26236  1.09861  0.40547
     16   1.29865  1.67162  1.42855  1.20563     19 u - - >
          1.38629  1.38629  1.38629  1.38629
          0.01980  4.62497  4.62497  1.46634  0.26236  1.09861  0.40547
     17   0.85585  1.67794  2.44406  1.19895     20 a - - >
          1.38629  1.38629  1.38629  1.38629
          0.00995  4.61512        *  1.46634  0.26236  0.00000        *
//
