INFERNAL-1 [1.0.2]
NAME     Csr-Rsm
GA       7.00
STATES   49
NODES    12
ALPHABET 1
ELSELF   -0.08926734
WBETA    1e-07
NSEQ     267
EFFNSEQ  267.000
CLEN     15
BCOM     cmbuild -F Csr-Rsm/CM Csr-Rsm/SEED
BDATE    Wed May 30 12:09:10 2012
CCOM     /home/ppg15/bin/cmcalibrate --mpi -s 1 /home/ppg15/motifs/Csr-Rsm/CM
CDATE    Wed May 30 12:15:02 2012
NULL     0.000  0.000  0.000  0.000 
PART     1        0    100  
E-LC     0      0.68035    -3.72705     5.09639     1500000      455237  0.002471
E-GC     0      0.67225    -3.11144     6.78962     1500000      291546  0.001286
E-LI     0      0.71936    -2.65749     5.37889     1500000      364617  0.003085
E-GI     0      0.69179    -2.53160     7.01965     1500000      277722  0.001350
E-LV     0      1.12097     1.81679     6.70578    15000000      269932  0.004168
E-GV     0      1.35924     3.14223     7.97995    15000000      269018  0.001394
E-LF     0      1.21236     3.30003     7.80889    15000000      266174  0.004227
E-GF     0      1.43192     4.33998     8.92971    15000000      268081  0.001399
FT-LC    29  0.99300  10000  1500000  0
            35.9715    33.4357    28.8948    27.6967    25.6783    21.8545    19.6372     18.828    18.0599    16.9587     14.897    14.0122    12.7825    12.2379    11.1926    10.7028    10.0776    9.16355    8.41775    8.06874    7.51754    7.26613    6.86364    6.39611    6.07665    5.54625    5.34343    4.99459    4.67954 
            15369.5    13764.1      12237    10670.3    9440.58     7899.5    6846.52    6123.93     5477.6    4893.54    4398.35    3953.26    3315.96    2937.36    2608.31     2313.3    2019.59     1797.7    1607.96    1436.51    1245.03    1097.54     944.35    844.681    755.532    660.403    594.294    522.625    491.418 
FT-LI    30  0.99300  10000  1500000  0
            33.7681    31.0099    27.2502    26.3787    23.5902    19.7609    18.4306    17.6811    16.7307    15.5163    13.8899    12.5074    11.2537    11.0702    10.1049    9.78664    9.47662    8.83013    8.20602    7.58079    7.19432    6.66353    6.33786    5.95826    5.58639    5.19001     4.8422    4.57936    4.27861    4.03902 
            15369.5    13764.1      12237    10774.3    9440.58     8103.2    7212.91    6243.88    5612.04    5001.51    4500.84    4040.48    3566.16    3201.41    2815.33    2527.37    2260.63    2019.59     1797.7    1607.96    1436.51    1245.03    1097.54     944.35    844.681    755.532    660.403    594.294    522.625    491.418 
FT-GC    32  0.99300  10000  1500000  0
            16.5371    16.2178    15.1838    14.6401    13.3721    12.8156    12.2867    11.7985    11.5164    11.1882     10.626    9.90644    9.65165    8.80245    8.61512    8.31916    7.79796    7.50603    6.98395    6.71345    6.45238    6.28862    5.75943    5.44687      5.221    4.95762    4.57339    4.25025    4.04878    3.89919    3.58493    3.49686 
              15140    13559.4    12005.5    10736.8    9533.66    8562.86    7527.49    6760.98    5783.96    5172.72    4599.66    4113.57    3673.59    3275.98    2925.59     2605.2     2270.6    2033.56    1785.12    1549.18    1383.48    1155.09    1024.19    919.896    814.478    732.589    656.109    588.456    524.764    465.293    413.153    379.725 
FT-GI    33  0.99300  10000  1500000  0
             17.551    17.1207     16.301    15.8326    14.0321    13.2102    12.6651    12.3636    12.1251     11.892    11.4888    10.8006    10.1629    9.54137    9.01437    8.84893    8.39789    7.83794    7.33051    7.12008    6.65845    6.53156    6.36419    5.92759    5.55516    5.32365    5.10953    4.79884    4.36414    4.15722    3.92091    3.70072    3.52976 
              15140    13559.4    12005.5    10736.8    9533.66    8562.86    7527.49    6760.98    6081.23    5415.26    4863.83    4343.61    3769.51    3361.52     3014.9    2696.29    2418.27    2175.13    1928.63    1717.42    1524.97    1371.65    1155.09    1024.19    919.896    814.478    732.589    656.109    588.456    524.764    465.293    413.153    379.725 
MODEL:
				[ ROOT    0 ]
     S     0    -1 0     1     6 -14.001 -13.940  -0.017 -12.717 -12.997  -6.488 
    IL     1     1 2     1     6  -2.579  -2.842  -0.760  -4.497  -5.274  -4.934  0.000  0.000  0.000  0.000 
    IR     2     2 3     2     5  -2.408  -0.496  -5.920  -4.087  -5.193          0.000  0.000  0.000  0.000 
				[ MATP    1 ]
    MP     3     2 3     7     6  -1.824  -5.977  -1.405  -5.452  -5.678  -1.828 -1.114 -1.190 -2.448  1.221 -2.483 -5.211  1.062 -1.853 -1.594  2.110 -1.013  1.099  0.407 -1.696 -0.574 -1.245 
    ML     4     2 3     7     6  -6.250  -6.596  -1.310  -1.005  -6.446  -3.975  0.660 -0.612 -0.293 -0.076 
    MR     5     2 3     7     6  -6.988  -5.717  -1.625  -5.695  -0.829  -3.908  0.660 -0.612 -0.293 -0.076 
     D     6     2 3     7     6 -11.763  -0.237  -6.258  -6.940  -6.957  -3.033 
    IL     7     7 5     7     6  -0.956  -1.058  -8.169 -11.906 -12.682 -12.343  0.000  0.000  0.000  0.000 
    IR     8     8 6     8     5  -0.914  -1.476 -12.792  -4.784  -3.764          0.000  0.000  0.000  0.000 
				[ MATP    2 ]
    MP     9     8 6    13     6 -13.283 -13.222  -0.075 -11.998 -12.278  -4.320 -10.342 -9.686 -10.224 -0.997 -8.351 -11.059  2.902 -9.661 -10.956  1.197 -10.633  0.618  1.476 -10.555  0.489 -8.285 
    ML    10     8 6    13     6  -9.553  -9.900  -0.090  -4.308  -9.749  -7.279  1.706 -1.635 -2.538 -2.040 
    MR    11     8 6    13     6 -10.962  -9.691  -5.600  -9.669  -0.041  -7.883 -3.801  1.925 -4.730 -3.415 
     D    12     8 6    13     6 -16.420 -15.118  -0.634 -11.597  -4.281  -1.719 
    IL    13    13 5    13     6  -2.579  -2.842  -0.760  -4.497  -5.274  -4.934  0.000  0.000  0.000  0.000 
    IR    14    14 6    14     5  -2.408  -0.496  -5.920  -4.087  -5.193          0.000  0.000  0.000  0.000 
				[ MATP    3 ]
    MP    15    14 6    19     6 -13.700 -13.639  -0.001 -12.416 -12.696 -13.091 -4.431 -1.361 -7.156  1.630 -3.010 -7.660  2.013 -7.139 -7.338  1.802 -7.255  0.678  1.348 -6.915 -1.819 -1.501 
    ML    16    14 6    19     6  -6.250  -6.596  -1.310  -1.005  -6.446  -3.975  0.660 -0.612 -0.293 -0.076 
    MR    17    14 6    19     6 -11.414 -10.143  -3.762 -10.121  -0.119  -8.334  1.880 -2.776 -3.695 -3.381 
     D    18    14 6    19     6 -15.088 -13.786  -1.812 -10.265  -4.102  -0.608 
    IL    19    19 5    19     6  -2.579  -2.842  -0.760  -4.497  -5.274  -4.934  0.000  0.000  0.000  0.000 
    IR    20    20 6    20     5  -2.408  -0.496  -5.920  -4.087  -5.193          0.000  0.000  0.000  0.000 
				[ MATP    4 ]
    MP    21    20 6    25     6 -13.771 -13.710  -0.082 -12.486 -12.766  -4.190 -6.912 -7.112 -2.141  0.990 -3.423 -7.631  1.236 -7.085 -7.366  1.756 -2.948 -2.512  2.748 -2.746 -0.637 -3.160 
    ML    22    20 6    25     6  -6.250  -6.596  -1.310  -1.005  -6.446  -3.975  0.660 -0.612 -0.293 -0.076 
    MR    23    20 6    25     6 -11.499 -10.228  -6.137  -1.901  -0.486  -8.420 -0.174 -0.166 -0.651  0.665 
     D    24    20 6    25     6 -14.486 -13.184  -0.263  -9.663  -9.681  -2.607 
    IL    25    25 5    25     6  -2.579  -2.842  -0.760  -4.497  -5.274  -4.934  0.000  0.000  0.000  0.000 
    IR    26    26 6    26     5  -2.408  -0.496  -5.920  -4.087  -5.193          0.000  0.000  0.000  0.000 
				[ MATP    5 ]
    MP    27    26 6    31     4  -1.756  -3.133  -0.762 -11.629                 -9.115 -9.465 -1.100  0.078 -2.197 -7.676  3.686 -7.854 -11.540 -4.910 -7.109 -6.983 -0.476 -9.937 -0.733 -8.114 
    ML    28    26 6    31     4  -0.233  -6.578  -3.144  -5.307                  1.891 -3.620 -3.452 -3.090 
    MR    29    26 6    31     4  -1.717  -8.095  -0.596  -5.023                 -0.561 -2.668 -3.150  1.610 
     D    30    26 6    31     4  -0.049  -9.098  -7.114  -5.369                 
    IL    31    31 5    31     4  -1.920  -2.763  -0.766 -12.183                  0.000  0.000  0.000  0.000 
    IR    32    32 6    32     3  -6.298  -0.021  -8.998                          0.000  0.000  0.000  0.000 
				[ MATL    6 ]
    ML    33    32 6    35     3 -14.112  -0.000 -12.766                          1.512 -1.635 -1.394 -1.166 
     D    34    32 6    35     3  -6.174  -1.687  -0.566                         
    IL    35    35 3    35     3  -1.442  -0.798  -4.142                          0.000  0.000  0.000  0.000 
				[ MATL    7 ]
    ML    36    35 3    38     3 -14.112  -0.010  -7.212                         -3.636 -5.999  1.896 -2.459 
     D    37    35 3    38     3  -6.174  -1.687  -0.566                         
    IL    38    38 3    38     3  -1.442  -0.798  -4.142                          0.000  0.000  0.000  0.000 
				[ MATL    8 ]
    ML    39    38 3    41     3 -14.102  -0.000 -12.756                         -8.586 -6.012  1.993 -9.349 
     D    40    38 3    41     3  -8.587  -0.200  -2.979                         
    IL    41    41 3    41     3  -1.442  -0.798  -4.142                          0.000  0.000  0.000  0.000 
				[ MATL    9 ]
    ML    42    41 3    44     3 -14.112  -0.000 -12.766                          1.915 -8.994 -2.153 -8.541 
     D    43    41 3    44     3  -6.174  -1.687  -0.566                         
    IL    44    44 3    44     3  -1.442  -0.798  -4.142                          0.000  0.000  0.000  0.000 
				[ MATL   10 ]
    ML    45    44 3    47     2       *   0.000                                  0.035 -0.723 -0.923  0.881 
     D    46    44 3    47     2       *   0.000                                 
    IL    47    47 3    47     2  -1.823  -0.479                                  0.000  0.000  0.000  0.000 
				[ END    11 ]
     E    48    47 3    -1     0                                                 
//
