INFERNAL1/a [1.1 | October 2013]
NAME     Terminator2
DESC     Rho independent terminator 2
STATES   139
NODES    34
CLEN     45
W        224
ALPH     RNA
RF       no
CONS     yes
MAP      yes
DATE     Fri May 30 16:28:30 2014
COM      [1] /share/data/bin/cmbuild -F /share/data/people/ppg15/motifs/terminator2/CM /share/data/people/ppg15/motifs/terminator2/SEED
COM      [2] /share/data/bin/cmcalibrate --mpi --seed 1 /share/data/people/ppg15/motifs/terminator2/CM
PBEGIN   0.05
PEND     0.05
WBETA    1e-07
QDBBETA1 1e-07
QDBBETA2 1e-15
N2OMEGA  1.52588e-05
N3OMEGA  1.52588e-05
ELSELF   -0.08926734
NSEQ     105
EFFN     105.000000
CKSUM    1573153330
NULL     0.000  0.000  0.000  0.000 
GA       10.00
EFP7GF   -1.4390 0.81112
ECMLC    0.53101    -6.19840     4.58714     1600000      368550  0.003256
ECMGC    0.52130    -5.44362     5.76544     1600000      137969  0.002899
ECMLI    0.51530    -3.24994     6.46786     1600000      179445  0.006687
ECMGI    0.55937    -1.94726     8.02779     1600000      106001  0.003774
CM
                                             [ ROOT    0 ]      -      - - - - -
     S     0    -1 0     1     4     1     1   224   434 -11.868 -12.075  -0.345  -2.238                 
    IL     1     1 2     1     4     1     3   226   436  -1.686  -2.369  -1.117  -4.855                  0.000  0.000  0.000  0.000 
    IR     2     2 3     2     3     1     3   226   436  -1.442  -0.798  -4.142                          0.000  0.000  0.000  0.000 
                                             [ MATL    1 ]      1      - a - - -
    ML     3     2 3     5     3     1     3   225   434 -12.439  -0.019  -6.266                          0.806 -0.870 -0.030 -0.464 
     D     4     2 3     5     3     0     0   217   427 -11.979  -7.492  -0.008                         
    IL     5     5 3     5     3     1     3   225   435  -1.442  -0.798  -4.142                          0.000  0.000  0.000  0.000 
                                             [ MATL    2 ]      2      - a - - -
    ML     6     5 3     8     3     1     3   224   433 -12.719  -0.122  -3.622                          0.977 -0.973 -0.956  0.009 
     D     7     5 3     8     3     0     0   217   427 -10.790  -4.788  -0.054                         
    IL     8     8 3     8     3     1     3   224   434  -1.925  -0.554  -4.164                          0.000  0.000  0.000  0.000 
                                             [ MATR    3 ]      -    112 - a - -
    MR     9     8 3    11     3     1     3   223   433 -12.606  -0.026  -5.804                          0.608 -1.152 -0.444  0.368 
     D    10     8 3    11     3     0     0   217   427 -12.351  -5.236  -0.039                         
    IR    11    11 3    11     3     1     3   223   433  -1.925  -0.554  -4.164                          0.000  0.000  0.000  0.000 
                                             [ MATR    4 ]      -    111 - a - -
    MR    12    11 3    14     3     1     3   222   432 -12.593  -0.121  -3.639                          0.961 -0.731 -1.003 -0.071 
     D    13    11 3    14     3     0     0   217   427 -12.384  -7.562  -0.008                         
    IR    14    14 3    14     3     1     3   223   432  -1.925  -0.554  -4.164                          0.000  0.000  0.000  0.000 
                                             [ MATR    5 ]      -    110 - a - -
    MR    15    14 3    17     3     1     5   221   431 -12.473  -0.001 -10.791                          0.536 -0.326 -1.022  0.334 
     D    16    14 3    17     3     0     0   217   427 -12.643  -5.851  -0.025                         
    IR    17    17 3    17     3     1     3   222   431  -1.925  -0.554  -4.164                          0.000  0.000  0.000  0.000 
                                             [ MATR    6 ]      -    109 - u - -
    MR    18    17 3    20     3     1     4   220   430 -12.483  -0.001 -10.800                          0.078 -1.300 -0.223  0.750 
     D    19    17 3    20     3     0     0   217   427 -12.625  -1.959  -0.429                         
    IR    20    20 3    20     3     1     3   221   430  -1.925  -0.554  -4.164                          0.000  0.000  0.000  0.000 
                                             [ MATR    7 ]      -    108 - a - -
    MR    21    20 3    23     3     1     3   219   429 -12.660  -0.070  -4.408                          0.356 -0.757  0.116  0.063 
     D    22    20 3    23     3     0     0   216   425 -12.204  -1.672  -0.544                         
    IR    23    23 3    23     3     1     2   220   429  -1.925  -0.554  -4.164                          0.000  0.000  0.000  0.000 
                                             [ MATR    8 ]      -    107 - u - -
    MR    24    23 3    26     3     1     3   219   428 -12.742  -0.019  -6.285                         -0.634 -0.432 -0.403  0.894 
     D    25    23 3    26     3     0     0   214   424 -11.933  -2.555  -0.270                         
    IR    26    26 3    26     3     1     2   219   429  -1.925  -0.554  -4.164                          0.000  0.000  0.000  0.000 
                                             [ MATR    9 ]      -    106 - U - -
    MR    27    26 3    29     3     1     5   218   427 -12.786  -0.001 -11.104                         -0.689 -1.172 -0.394  1.121 
     D    28    26 3    29     3     0     0   213   423 -11.754  -3.657  -0.120                         
    IR    29    29 3    29     3     1     2   218   428  -1.925  -0.554  -4.164                          0.000  0.000  0.000  0.000 
                                             [ MATR   10 ]      -    105 - U - -
    MR    30    29 3    32     3     1     5   217   426 -12.810  -0.001 -11.127                         -0.390 -1.121 -0.907  1.166 
     D    31    29 3    32     3     0     0   213   422 -11.648  -1.465  -0.650                         
    IR    32    32 3    32     3     1     2   217   427  -1.925  -0.554  -4.164                          0.000  0.000  0.000  0.000 
                                             [ MATR   11 ]      -    104 - U - -
    MR    33    32 3    35     3     1     4   216   425 -12.913  -0.001 -11.230                         -0.835 -1.749 -0.160  1.168 
     D    34    32 3    35     3     0     0   210   420 -11.019  -6.196  -0.021                         
    IR    35    35 3    35     3     1     2   216   426  -1.925  -0.554  -4.164                          0.000  0.000  0.000  0.000 
                                             [ MATR   12 ]      -    103 - U - -
    MR    36    35 3    38     3     1     3   215   424  -3.966  -0.115  -6.335                         -2.409 -0.877 -3.064  1.654 
     D    37    35 3    38     3     0     0   210   420 -11.019  -6.196  -0.021                         
    IR    38    38 3    38     3     1     3   215   424  -4.489  -0.080  -6.727                          0.000  0.000  0.000  0.000 
                                             [ MATR   13 ]      -    101 - U - -
    MR    39    38 3    41     3     1     4   214   423 -12.895  -0.001 -11.213                         -1.695 -1.636 -2.540  1.677 
     D    40    38 3    41     3     0     0   210   420 -11.149  -1.770  -0.502                         
    IR    41    41 3    41     3     1     2   214   424  -1.925  -0.554  -4.164                          0.000  0.000  0.000  0.000 
                                             [ MATR   14 ]      -    100 - U - -
    MR    42    41 3    44     5     1     3   213   422  -2.054  -0.399 -11.410 -11.622 -12.514         -2.967 -3.442 -6.259  1.913 
     D    43    41 3    44     5     0     0   209   419  -8.858  -0.050  -6.484  -7.915  -5.909         
    IR    44    44 3    44     5     1     2   217   427  -0.251  -3.482 -12.573  -3.839 -11.847          0.000  0.000  0.000  0.000 
                                             [ MATP   15 ]      3     87 a u - -
    MP    45    44 3    49     6     2     2   209   419 -12.567 -12.506  -0.024 -11.282 -11.562  -6.047 -1.234 -1.050 -2.158  2.643 -4.406 -5.277  0.699 -0.263 -4.476 -1.377 -5.050  1.191 -1.366 -4.563 -0.934  1.260 
    ML    46    44 3    49     6     1     1   207   417  -6.250  -6.596  -1.310  -1.005  -6.446  -3.975  0.368 -0.385 -0.191  0.094 
    MR    47    44 3    49     6     1     1   207   417 -10.848  -9.577  -5.486  -9.556  -0.044  -7.769  0.628 -2.210 -2.466  1.041 
     D    48    44 3    49     6     0     0   204   414  -9.049  -7.747  -3.544  -4.226  -4.244  -0.319 
    IL    49    49 5    49     6     1     1   208   418  -2.579  -2.842  -0.760  -4.497  -5.274  -4.934  0.000  0.000  0.000  0.000 
    IR    50    50 6    50     5     1     1   208   418  -2.408  -0.496  -5.920  -4.087  -5.193          0.000  0.000  0.000  0.000 
                                             [ MATP   16 ]      4     86 a u - -
    MP    51    50 6    55     6     2     2   207   417 -12.545 -12.484  -0.002 -11.261 -11.541 -11.936 -3.885 -2.202 -2.237  2.852 -4.074 -4.933 -0.046  0.428 -1.759 -0.321 -4.723  0.957  0.978 -2.951 -2.341 -0.982 
    ML    52    50 6    55     6     1     1   205   414  -6.250  -6.596  -1.310  -1.005  -6.446  -3.975  0.368 -0.385 -0.191  0.094 
    MR    53    50 6    55     6     1     1   206   416 -10.848  -9.577  -0.531  -9.556  -1.737  -7.769 -0.053 -2.440 -2.907  1.443 
     D    54    50 6    55     6     0     0   204   414 -10.963  -9.662  -0.401  -6.141  -6.158  -2.234 
    IL    55    55 5    55     6     1     1   206   416  -2.579  -2.842  -0.760  -4.497  -5.274  -4.934  0.000  0.000  0.000  0.000 
    IR    56    56 6    56     5     1     1   206   416  -2.408  -0.496  -5.920  -4.087  -5.193          0.000  0.000  0.000  0.000 
                                             [ MATP   17 ]      5     85 A U - -
    MP    57    56 6    61     6     2     2   205   415  -3.666  -4.810  -0.290 -11.389  -3.901 -12.064 -6.866 -1.268 -6.983  3.159 -6.756 -8.012  0.579  0.194 -6.921 -0.602 -7.475 -0.072 -0.100 -7.247 -4.477  0.459 
    ML    58    56 6    61     6     1     1   203   412  -6.250  -6.596  -1.310  -1.005  -6.446  -3.975  0.368 -0.385 -0.191  0.094 
    MR    59    56 6    61     6     1     1   204   414  -9.249  -7.978  -0.219  -7.956  -3.090  -6.170  1.839 -3.116 -2.676 -2.735 
     D    60    56 6    61     6     0     0   197   406  -9.049  -7.747  -3.544  -4.226  -4.244  -0.319 
    IL    61    61 5    61     6     1     1   208   417  -0.622  -1.618  -5.592  -9.330 -10.106  -9.766  0.000  0.000  0.000  0.000 
    IR    62    62 6    62     5     1     1   205   414  -1.372  -0.722  -9.772  -7.939  -9.045          0.000  0.000  0.000  0.000 
                                             [ MATP   18 ]     10     82 G C - -
    MP    63    62 6    67     6     2     2   203   413 -12.616 -12.555  -0.009  -7.572 -11.611 -12.007 -6.803 -5.627 -6.657 -1.056 -6.915 -7.295  1.927 -6.999 -6.948  3.224 -7.263 -0.694 -0.532 -6.580 -0.064 -5.533 
    ML    64    62 6    67     6     1     1   201   410  -6.250  -6.596  -1.310  -1.005  -6.446  -3.975  0.368 -0.385 -0.191  0.094 
    MR    65    62 6    67     6     1     1   202   412 -10.326  -0.577  -4.964  -9.034  -1.794  -7.247  1.153 -2.986  0.564 -2.544 
     D    66    62 6    67     6     0     0   195   404  -9.049  -7.747  -3.544  -4.226  -4.244  -0.319 
    IL    67    67 5    67     6     1     1   202   412  -2.579  -2.842  -0.760  -4.497  -5.274  -4.934  0.000  0.000  0.000  0.000 
    IR    68    68 6    68     5     1     1   202   412  -4.574  -0.097  -8.085  -6.253  -7.359          0.000  0.000  0.000  0.000 
                                             [ MATP   19 ]     11     80 c g - -
    MP    69    68 6    73     6     2     2   201   411 -12.682 -12.621  -0.026 -11.397  -6.319  -7.700 -7.040 -5.902 -6.923  2.007 -7.089 -7.636  2.641 -7.183 -7.141  2.146 -7.496 -0.948 -0.603 -6.903 -4.401 -5.763 
    ML    70    68 6    73     6     1     1   199   409  -7.046  -7.392  -0.607  -1.801  -7.242  -4.772 -0.235 -1.181  1.033 -0.592 
    MR    71    68 6    73     6     1     1   199   408  -8.734  -7.463  -3.371  -7.441  -0.201  -5.654 -1.696  1.612 -2.518 -1.119 
     D    72    68 6    73     6     0     0   193   403  -9.049  -7.747  -3.544  -4.226  -4.244  -0.319 
    IL    73    73 5    73     6     1     1   200   410  -2.579  -2.842  -0.760  -4.497  -5.274  -4.934  0.000  0.000  0.000  0.000 
    IR    74    74 6    74     5     1     1   200   410  -2.408  -0.496  -5.920  -4.087  -5.193          0.000  0.000  0.000  0.000 
                                             [ MATP   20 ]     12     79 c g - -
    MP    75    74 6    79     6     2     2   199   409 -12.664 -12.603  -0.002 -11.380 -11.660 -12.055 -6.772 -0.170 -6.739  1.245 -6.092 -7.504  2.542 -6.591 -6.768  1.884 -7.221  0.103  0.582 -6.811 -0.844 -5.476 
    ML    76    74 6    79     6     1     1   196   406  -6.250  -6.596  -1.310  -1.005  -6.446  -3.975  0.368 -0.385 -0.191  0.094 
    MR    77    74 6    79     6     1     1   197   407  -9.320  -8.049  -0.208  -8.027  -3.161  -6.241 -1.111  0.818 -1.949  0.599 
     D    78    74 6    79     6     0     0   191   401  -9.992  -8.691  -4.488  -5.170  -0.979  -1.263 
    IL    79    79 5    79     6     1     1   198   408  -2.579  -2.842  -0.760  -4.497  -5.274  -4.934  0.000  0.000  0.000  0.000 
    IR    80    80 6    80     5     1     1   198   407  -2.408  -0.496  -5.920  -4.087  -5.193          0.000  0.000  0.000  0.000 
                                             [ MATP   21 ]     13     78 g c - -
    MP    81    80 6    85     6     2     2   197   407 -12.706 -12.645  -0.008 -11.422 -11.702  -7.872 -6.897 -6.116 -6.831  1.103 -3.476 -7.570  2.159 -6.731 -6.900  2.579 -7.326  0.361  0.710 -6.872 -1.693 -5.564 
    ML    82    80 6    85     6     1     1   194   404  -6.250  -6.596  -1.310  -1.005  -6.446  -3.975  0.368 -0.385 -0.191  0.094 
    MR    83    80 6    85     6     1     1   193   403  -7.692  -6.421  -2.330  -6.400  -0.450  -4.613 -0.353 -0.600 -0.992  1.039 
     D    84    80 6    85     6     0     0   188   398  -9.049  -7.747  -3.544  -4.226  -4.244  -0.319 
    IL    85    85 5    85     6     1     1   196   406  -2.579  -2.842  -0.760  -4.497  -5.274  -4.934  0.000  0.000  0.000  0.000 
    IR    86    86 6    86     5     1     1   196   406  -2.408  -0.496  -5.920  -4.087  -5.193          0.000  0.000  0.000  0.000 
                                             [ MATP   22 ]     14     77 g c - -
    MP    87    86 6    91     6     2     2   195   405  -6.049 -12.640  -0.037 -11.416  -6.773 -12.091 -6.669 -3.579 -6.538  2.134 -7.039 -7.177  2.099 -6.999 -6.865  2.268 -7.177 -0.636 -0.587 -3.506 -0.075 -5.466 
    ML    88    86 6    91     6     1     1   192   402  -6.250  -6.596  -1.310  -1.005  -6.446  -3.975  0.368 -0.385 -0.191  0.094 
    MR    89    86 6    91     6     1     1   191   401  -7.692  -6.421  -2.330  -6.400  -0.450  -4.613  1.195 -1.094 -0.839 -0.549 
     D    90    86 6    91     6     0     0   186   396  -9.920  -8.618  -4.415  -5.097  -5.114  -0.166 
    IL    91    91 5    91     6     1     1   194   404  -4.050  -4.313  -0.231  -5.968  -6.744  -6.404  0.000  0.000  0.000  0.000 
    IR    92    92 6    92     5     1     1   194   404  -2.408  -0.496  -5.920  -4.087  -5.193          0.000  0.000  0.000  0.000 
                                             [ MATP   23 ]     16     76 c g - -
    MP    93    92 6    97     6     2     2   193   403 -12.688 -12.627  -0.063 -11.403  -5.536  -5.631 -4.343 -4.526 -4.532  1.851 -4.460 -3.488  1.912 -4.840 -4.592  1.388 -5.161 -0.788  1.340 -1.515  0.589 -0.569 
    ML    94    92 6    97     6     1     1   191   400  -6.250  -6.596  -1.310  -1.005  -6.446  -3.975  0.368 -0.385 -0.191  0.094 
    MR    95    92 6    97     6     1     1   189   399  -8.505  -7.234  -1.585  -7.212  -2.346  -1.140  1.629 -2.015 -1.683 -1.524 
     D    96    92 6    97     6     0     0   185   395  -9.920  -8.618  -4.415  -5.097  -5.114  -0.166 
    IL    97    97 5    97     6     1     1   192   402  -2.579  -2.842  -0.760  -4.497  -5.274  -4.934  0.000  0.000  0.000  0.000 
    IR    98    98 6    98     5     1     1   192   402  -2.408  -0.496  -5.920  -4.087  -5.193          0.000  0.000  0.000  0.000 
                                             [ MATP   24 ]     17     75 g c - -
    MP    99    98 6   103     6     2     2   191   401  -2.280  -6.363  -0.551  -7.511  -4.195  -4.674 -6.152 -5.755 -6.199  1.173 -5.789 -2.756  2.162 -6.234 -6.255  2.208 -6.743  0.219  1.255 -6.287 -0.742 -2.043 
    ML   100    98 6   103     6     1     1   189   398  -6.250  -6.596  -1.310  -1.005  -6.446  -3.975  0.368 -0.385 -0.191  0.094 
    MR   101    98 6   103     6     1     1   188   398  -8.964  -1.364  -3.602  -7.671  -2.805  -1.399  1.777 -2.676 -2.277 -2.249 
     D   102    98 6   103     6     0     0   184   394 -11.989  -2.500  -6.484  -7.166  -7.184  -0.326 
    IL   103   103 5   103     6     1     1   192   402  -1.465  -0.869  -3.514  -9.737 -10.513 -10.173  0.000  0.000  0.000  0.000 
    IR   104   104 6   104     5     1     1   191   400  -0.907  -1.238 -10.960  -9.127  -4.626          0.000  0.000  0.000  0.000 
                                             [ MATP   25 ]     21     70 a u - -
    MP   105   104 6   109     6     2     2   189   399 -12.483 -12.422  -0.352  -2.657  -6.651  -4.393 -6.332 -2.068 -6.354  2.175 -5.716 -7.150  1.820 -6.230 -6.361  1.548 -6.848  0.091  1.608 -6.458 -0.857 -5.155 
    ML   106   104 6   109     6     1     1   187   397  -7.083  -7.429  -2.143  -0.477  -7.279  -4.808 -0.368  0.863 -1.099 -0.090 
    MR   107   104 6   109     6     1     1   186   395 -10.028  -8.757  -4.665  -8.735  -0.079  -6.948  0.955 -0.862 -0.401 -0.406 
     D   108   104 6   109     6     0     0   182   392 -13.350 -12.049  -7.846  -4.544  -8.545  -0.074 
    IL   109   109 5   109     6     1     1   188   398  -2.579  -2.842  -0.760  -4.497  -5.274  -4.934  0.000  0.000  0.000  0.000 
    IR   110   110 6   110     5     1     1   188   398  -2.408  -0.496  -5.920  -4.087  -5.193          0.000  0.000  0.000  0.000 
                                             [ MATP   26 ]     22     69 c g - -
    MP   111   110 6   115     6     2     2   187   397 -12.134 -12.073  -0.325  -3.296  -7.297  -3.427 -6.362 -6.074 -6.375  1.601 -5.326 -7.214  2.198 -5.960 -6.258  1.462 -6.771 -1.229  1.307 -6.547  1.362 -5.002 
    ML   112   110 6   115     6     1     1   186   396 -10.848 -11.194  -0.952  -1.411  -3.275  -8.574  0.395 -0.124 -0.505  0.087 
    MR   113   110 6   115     6     1     1   185   394 -10.217  -8.946  -2.450  -8.924  -0.313  -7.137  0.627 -0.163 -1.540  0.285 
     D   114   110 6   115     6     0     0   182   392 -13.817 -12.515  -8.312  -8.994  -9.011  -0.011 
    IL   115   115 5   115     6     1     1   187   397  -2.579  -2.842  -0.760  -4.497  -5.274  -4.934  0.000  0.000  0.000  0.000 
    IR   116   116 6   116     5     1     1   187   396  -2.408  -0.496  -5.920  -4.087  -5.193          0.000  0.000  0.000  0.000 
                                             [ MATP   27 ]     23     68 u a - -
    MP   117   116 6   121     4     2     2   186   395  -0.973 -11.338  -1.032  -9.753                 -1.246  0.429 -3.602  1.461 -3.595 -2.718  0.242 -3.954 -1.013  1.568 -1.734 -0.435  1.593 -2.319  0.766 -1.016 
    ML   118   116 6   121     4     1     1   184   394  -1.234  -7.903  -0.835  -6.633                 -1.088 -1.094 -1.612  1.451 
    MR   119   116 6   121     4     1     1   183   393  -2.268  -7.445  -1.001  -1.801                  0.285 -0.052 -0.607  0.214 
     D   120   116 6   121     4     0     0   182   392  -9.796  -9.477  -0.065  -4.594                 
    IL   121   121 5   121     4     1     1   185   395  -0.547  -9.702  -1.817  -5.031                  0.000  0.000  0.000  0.000 
    IR   122   122 6   122     3     1     1   183   393  -1.442  -0.798  -4.142                          0.000  0.000  0.000  0.000 
                                             [ MATL   28 ]     28      - u - - -
    ML   123   122 6   125     3     1     1   182   392 -12.691  -0.029  -5.648                          0.086 -1.422 -0.518  0.901 
     D   124   122 6   125     3     0     0   180   389 -10.239  -0.299  -2.422                         
    IL   125   125 3   125     3     1     1   182   392  -1.442  -0.798  -4.142                          0.000  0.000  0.000  0.000 
                                             [ MATL   29 ]     29      - u - - -
    ML   126   125 3   128     3     1     1   181   391 -12.740  -0.077  -4.268                          0.031 -0.197 -0.603  0.534 
     D   127   125 3   128     3     0     0   170   380  -9.216  -1.578  -0.592                         
    IL   128   128 3   128     3     1     1   181   391  -1.442  -0.798  -4.142                          0.000  0.000  0.000  0.000 
                                             [ MATL   30 ]     30      - a - - -
    ML   129   128 3   131     3     1     1   181   390 -12.678  -0.670  -1.429                          0.691 -0.595 -0.482  0.010 
     D   130   128 3   131     3     0     0   153   363 -10.410  -5.923  -0.025                         
    IL   131   131 3   131     3     1     1   185   395  -1.442  -0.798  -4.142                          0.000  0.000  0.000  0.000 
                                             [ MATL   31 ]     31      - a - - -
    ML   132   131 3   134     3     1     1   185   394  -0.171  -3.955  -4.398                          0.847 -0.637 -1.918  0.372 
     D   133   131 3   134     3     0     0   149   359  -4.505  -2.487  -0.363                         
    IL   134   134 3   134     3     1     1   185   395  -0.127  -3.880  -5.952                          0.000  0.000  0.000  0.000 
                                             [ MATL   32 ]     67      - g - - -
    ML   135   134 3   137     2     1     1     1     1       *   0.000                                  0.146 -0.078  0.456 -0.800 
     D   136   134 3   137     2     0     0     0     0       *   0.000                                 
    IL   137   137 3   137     2     1     1    13    28  -1.823  -0.479                                  0.000  0.000  0.000  0.000 
                                             [ END    33 ]      -      - - - - -
     E   138   137 3    -1     0     0     0     0     0                                                 
//
HMMER3/f [i1.1 | October 2013]
NAME  Terminator2
DESC  Rho independent terminator 2
LENG  45
MAXL  235
ALPH  RNA
RF    no
MM    no
CONS  yes
CS    yes
MAP   yes
DATE  Fri May 30 16:28:30 2014
COM   [1] /share/data/bin/cmbuild -F /share/data/people/ppg15/motifs/terminator2/CM /share/data/people/ppg15/motifs/terminator2/SEED
NSEQ  105
EFFN  103.734283
CKSUM 1573153330
STATS LOCAL MSV       -9.6289  0.81112
STATS LOCAL VITERBI  -11.7699  0.81112
STATS LOCAL FORWARD   -2.3728  0.81112
HMM          A        C        G        U   
            m->m     m->i     m->d     i->m     i->i     d->m     d->d
  COMPO   1.44707  1.56469  1.45165  1.13505
          1.38629  1.38629  1.38629  1.38629
          0.00236  6.74149  6.74149  1.46634  0.26236  0.00000        *
      1   0.82818  1.98882  1.40709  1.70680      1 a - - :
          1.38629  1.38629  1.38629  1.38629
          0.01496  6.74149  4.29270  1.46634  0.26236  1.09861  0.40547
      2   0.70939  2.06042  2.04825  1.37953      2 a - - :
          1.38629  1.38629  1.38629  1.38629
          0.00239  6.72893  6.72893  1.46634  0.26236  0.15939  1.91504
      3   0.77617  1.84262  1.76192  1.56199      3 a - - <
          1.38629  1.38629  1.38629  1.38629
          0.01789  6.87103  4.09255  1.46634  0.26236  1.09861  0.40547
      4   0.73088  1.89275  1.64885  1.73962      4 a - - <
          1.38629  1.38629  1.38629  1.38629
          0.00211  6.85525  6.85525  1.46634  0.26236  0.11713  2.20246
      5   0.53705  1.79664  2.28411  1.91184      5 A - - <
          1.38629  1.38629  1.38629  1.38629
          0.16759  2.48369  2.64692  1.10427  0.40265  1.09861  0.40547
      6   3.40187  1.43198  0.47416  2.24956     10 G - - <
          1.38629  1.38629  1.38629  1.38629
          0.00200  6.90693  6.90693  1.46634  0.26236  0.32072  1.29327
      7   1.37448  0.94392  1.16738  3.06304     11 c - - <
          1.38629  1.38629  1.38629  1.38629
          0.01962  6.95958  3.99092  1.46634  0.26236  3.08209  0.04695
      8   1.58425  1.00677  1.20863  2.03335     12 c - - <
          1.38629  1.38629  1.38629  1.38629
          0.00193  6.94190  6.94190  1.46634  0.26236  0.19191  1.74516
      9   1.99058  1.25357  0.78959  2.08851     13 g - - <
          1.38629  1.38629  1.38629  1.38629
          0.00613  6.97258  5.26502  1.46634  0.26236  2.08341  0.13297
     10   1.26988  1.31371  1.07264  2.22366     14 g - - <
          1.38629  1.38629  1.38629  1.38629
          0.02719  4.09762  4.58459  0.10970  2.26435  2.52950  0.08305
     11   1.45193  1.40393  1.58886  1.15171     16 u - - <
          1.38629  1.38629  1.38629  1.38629
          0.04614  6.95903  3.12038  1.46634  0.26236  1.31169  0.31384
     12   1.93675  1.23545  1.01488  1.59614     17 g - - <
          1.38629  1.38629  1.38629  1.38629
          0.37020  1.59062  2.24804  0.48667  0.95366  1.12363  0.39319
     13   1.21189  1.49121  1.38776  1.48002     21 a - - <
          1.38629  1.38629  1.38629  1.38629
          0.07857  6.83056  2.59718  1.46634  0.26236  3.33504  0.03626
     14   1.53229  1.27590  1.62952  1.17520     22 u - - <
          1.38629  1.38629  1.38629  1.38629
          0.09242  6.75934  2.44045  1.46634  0.26236  2.86633  0.05859
     15   1.34844  2.33273  1.39277  0.92902     23 u - - <
          1.38629  1.38629  1.38629  1.38629
          0.61365  0.78225  6.68347  1.21878  0.35040  0.10355  2.31903
     16   1.32641  2.37062  1.74520  0.76242     28 u - - _
          1.38629  1.38629  1.38629  1.38629
          0.02088  6.95355  3.92671  1.46634  0.26236  0.55822  0.84916
     17   1.36477  1.52282  1.80431  1.01645     29 u - - _
          1.38629  1.38629  1.38629  1.38629
          0.05477  6.94921  2.95007  1.46634  0.26236  1.08510  0.41229
     18   0.90723  1.79863  1.72007  1.37920     30 a - - _
          1.38629  1.38629  1.38629  1.38629
          0.43390  6.90657  1.04691  1.46634  0.26236  4.33315  0.01321
     19   0.79996  1.82780  2.71332  1.12834     31 a - - _
          1.38629  1.38629  1.38629  1.38629
          2.22167  0.16855  3.06432  2.52191  0.08371  1.67976  0.20631
     20   1.28525  1.44070  1.07063  1.93890     67 g - - _
          1.38629  1.38629  1.38629  1.38629
          0.28803  6.54862  1.39099  1.46634  0.26236  0.63892  0.75048
     21   1.36103  1.25095  1.60750  1.35874     68 c - - >
          1.38629  1.38629  1.38629  1.38629
          0.15423  6.58394  1.95514  1.46634  0.26236  0.87326  0.54058
     22   1.73045  1.72397  0.87208  1.48563     69 g - - >
          1.38629  1.38629  1.38629  1.38629
          0.00261  6.64356  6.64356  1.46634  0.26236  0.34310  1.23639
     23   1.55447  1.63416  1.37654  1.07548     70 u - - >
          1.38629  1.38629  1.38629  1.38629
          0.22670  1.60034  6.89243  0.86107  0.54941  0.42121  1.06786
     24   1.77398  1.22655  1.16531  1.49070     75 g - - >
          1.38629  1.38629  1.38629  1.38629
          0.00192  6.94985  6.94985  1.46634  0.26236  0.22758  1.59188
     25   1.73916  1.65142  1.10918  1.19493     76 g - - >
          1.38629  1.38629  1.38629  1.38629
          0.00188  6.97306  6.97306  1.46634  0.26236  2.01696  0.14278
     26   3.05814  1.16817  1.11883  1.15382     77 g - - >
          1.38629  1.38629  1.38629  1.38629
          0.00188  6.97306  6.97306  1.46634  0.26236  0.30941  1.32381
     27   2.20944  0.98526  1.21078  1.51900     78 c - - >
          1.38629  1.38629  1.38629  1.38629
          0.00658  6.97728  5.18023  1.46634  0.26236  1.09861  0.40547
     28   2.33897  1.23139  0.94324  1.50363     79 g - - >
          1.38629  1.38629  1.38629  1.38629
          0.00669  6.97258  5.16212  1.46634  0.26236  0.28636  1.39026
     29   3.13691  1.24175  0.95163  1.26729     80 g - - >
          1.38629  1.38629  1.38629  1.38629
          0.05394  2.96482  6.97250  0.03596  3.34320  0.28304  1.40035
     30   2.52000  0.60253  1.19325  2.67540     82 C - - >
          1.38629  1.38629  1.38629  1.38629
          0.12578  2.14338  6.97728  0.52037  0.90214  1.09861  0.40547
     31   2.47149  2.70524  2.34739  0.28360     85 U - - >
          1.38629  1.38629  1.38629  1.38629
          0.01607  6.97728  4.19880  1.46634  0.26236  1.09861  0.40547
     32   1.84186  2.64010  2.48143  0.37615     86 U - - >
          1.38629  1.38629  1.38629  1.38629
          0.00189  6.96310  6.96310  1.46634  0.26236  0.11713  2.20246
     33   2.41557  2.83835  1.96393  0.33988     87 U - - >
          1.38629  1.38629  1.38629  1.38629
          0.35603  1.49634  2.58230  1.87470  0.16653  1.09861  0.40547
     34   3.44141  3.76992  5.71347  0.06015    100 U - - :
          1.38629  1.38629  1.38629  1.38629
          0.04056  6.88960  3.25113  1.46634  0.26236  4.40951  0.01224
     35   2.56084  2.52000  3.14664  0.22401    101 U - - :
          1.38629  1.38629  1.38629  1.38629
          0.06904  2.72337  6.85116  0.03193  3.46010  2.26022  0.11018
     36   3.05499  1.99433  3.50905  0.23972    103 U - - :
          1.38629  1.38629  1.38629  1.38629
          0.00209  6.86319  6.86319  1.46634  0.26236  4.68046  0.00932
     37   1.96378  2.59741  1.49740  0.57715    104 U - - :
          1.38629  1.38629  1.38629  1.38629
          0.01620  6.80582  4.20250  1.46634  0.26236  4.68046  0.00932
     38   1.65595  2.16262  2.01491  0.57851    105 U - - :
          1.38629  1.38629  1.38629  1.38629
          0.00804  6.78149  4.98039  1.46634  0.26236  4.79023  0.00835
     39   1.86308  2.19801  1.65931  0.60970    106 U - - :
          1.38629  1.38629  1.38629  1.38629
          0.00239  6.73259  6.73259  1.46634  0.26236  2.38972  0.09613
     40   1.82451  1.68555  1.66547  0.76731    107 u - - :
          1.38629  1.38629  1.38629  1.38629
          0.04146  6.67934  3.23519  1.46634  0.26236  1.09627  0.40664
     41   1.13958  1.91035  1.30615  1.34263    108 a - - :
          1.38629  1.38629  1.38629  1.38629
          0.00282  6.56553  6.56553  1.46634  0.26236  4.68048  0.00932
     42   1.33222  2.28612  1.54132  0.86667    109 u - - :
          1.38629  1.38629  1.38629  1.38629
          0.00284  6.55875  6.55875  1.46634  0.26236  4.68048  0.00932
     43   1.01529  1.61248  2.09416  1.15475    110 a - - :
          1.38629  1.38629  1.38629  1.38629
          0.00284  6.55875  6.55875  1.46634  0.26236  0.55220  0.85727
     44   0.72055  1.89298  2.08076  1.43524    111 a - - :
          1.38629  1.38629  1.38629  1.38629
          0.00263  6.63340  6.63340  1.46634  0.26236  1.17524  0.36925
     45   0.96506  2.18356  1.69421  1.13117    112 a - - :
          1.38629  1.38629  1.38629  1.38629
          0.00130  6.64962        *  1.46634  0.26236  0.00000        *
//
