INFERNAL1/a [1.1rc1 | June 2012]
NAME     twist_up
STATES   67
NODES    18
CLEN     21
W        34
ALPH     RNA
RF       no
CONS     yes
MAP      yes
DATE     Thu Sep 20 15:18:56 2012
COM      [1] /share/data/bin/cmbuild -F /share/data/people/ppg15/motifs/twist_up/CM /share/data/people/ppg15/motifs/twist_up/SEED
COM      [2] /share/data/bin/cmcalibrate --mpi --seed 1 /share/data/people/ppg15/motifs/twist_up/CM
PBEGIN   0.05
PEND     0.05
WBETA    1e-07
QDBBETA1 1e-07
QDBBETA2 1e-15
N2OMEGA  1.52588e-05
N3OMEGA  1.52588e-05
ELSELF   -0.08926734
NSEQ     7
EFFN     7.000000
CKSUM    369727655
NULL     0.000  0.000  0.000  0.000 
GA       19.00
EFP7GF   -4.5829 0.76868
ECMLC    0.67825    -4.05078     4.89666     1600000      518509  0.002314
ECMGC    0.50374    -8.28854     4.68139     1600000      275120  0.001454
ECMLI    0.69904    -2.52139     5.91997     1600000      438424  0.002737
ECMGI    0.50941    -7.53713     5.13419     1600000      254318  0.001573
CM
                                             [ ROOT    0 ]      -      - - - - -
     S     0    -1 0     1     6     1     1    34    53  -9.739  -9.679  -0.014  -8.455  -8.735  -9.130 
    IL     1     1 2     1     6     1     1    36    55  -2.579  -2.842  -0.760  -4.497  -5.274  -4.934  0.000  0.000  0.000  0.000 
    IR     2     2 3     2     5     1     1    36    55  -2.408  -0.496  -5.920  -4.087  -5.193          0.000  0.000  0.000  0.000 
                                             [ MATP    1 ]      1     21 C G - -
    MP     3     2 3     7     6     2     3    34    53  -9.739  -9.679  -0.014  -8.455  -8.735  -9.130 -7.169 -7.295 -6.347 -3.505 -4.728 -6.418  3.924 -5.874 -6.655 -3.464 -6.446 -5.448 -1.657 -7.077 -2.679 -5.457 
    ML     4     2 3     7     6     1     1    33    52  -6.250  -6.596  -1.310  -1.005  -6.446  -3.975  0.368 -0.385 -0.191  0.094 
    MR     5     2 3     7     6     1     1    33    52  -6.988  -5.717  -1.625  -5.695  -0.829  -3.908  0.368 -0.385 -0.191  0.094 
     D     6     2 3     7     6     0     0    31    49  -9.049  -7.747  -3.544  -4.226  -4.244  -0.319 
    IL     7     7 5     7     6     1     1    34    53  -2.579  -2.842  -0.760  -4.497  -5.274  -4.934  0.000  0.000  0.000  0.000 
    IR     8     8 6     8     5     1     1    34    53  -2.408  -0.496  -5.920  -4.087  -5.193          0.000  0.000  0.000  0.000 
                                             [ MATP    2 ]      2     20 C G - -
    MP     9     8 6    13     6     2     3    32    51  -9.739  -9.679  -0.014  -8.455  -8.735  -9.130 -4.568 -4.370 -4.476 -0.368 -3.340 -5.143  3.142 -4.036 -4.416  1.199 -4.851 -2.100  1.476 -4.714 -0.907 -3.200 
    ML    10     8 6    13     6     1     1    31    50  -6.250  -6.596  -1.310  -1.005  -6.446  -3.975  0.368 -0.385 -0.191  0.094 
    MR    11     8 6    13     6     1     1    31    50  -6.988  -5.717  -1.625  -5.695  -0.829  -3.908  0.368 -0.385 -0.191  0.094 
     D    12     8 6    13     6     0     0    29    48  -9.049  -7.747  -3.544  -4.226  -4.244  -0.319 
    IL    13    13 5    13     6     1     1    32    51  -2.579  -2.842  -0.760  -4.497  -5.274  -4.934  0.000  0.000  0.000  0.000 
    IR    14    14 6    14     5     1     1    32    51  -2.408  -0.496  -5.920  -4.087  -5.193          0.000  0.000  0.000  0.000 
                                             [ MATP    3 ]      3     19 G C - -
    MP    15    14 6    19     6     2     2    30    49  -9.739  -9.679  -0.014  -8.455  -8.735  -9.130 -4.325 -2.999 -4.196  1.366 -5.006 -4.750  0.855 -4.739 -4.461  3.243 -4.755 -0.640 -0.512 -4.072 -2.223 -3.134 
    ML    16    14 6    19     6     1     1    30    49  -6.250  -6.596  -1.310  -1.005  -6.446  -3.975  0.368 -0.385 -0.191  0.094 
    MR    17    14 6    19     6     1     1    30    49  -6.988  -5.717  -1.625  -5.695  -0.829  -3.908  0.368 -0.385 -0.191  0.094 
     D    18    14 6    19     6     0     0    28    47  -9.049  -7.747  -3.544  -4.226  -4.244  -0.319 
    IL    19    19 5    19     6     1     1    30    49  -2.579  -2.842  -0.760  -4.497  -5.274  -4.934  0.000  0.000  0.000  0.000 
    IR    20    20 6    20     5     1     1    30    49  -2.408  -0.496  -5.920  -4.087  -5.193          0.000  0.000  0.000  0.000 
                                             [ MATP    4 ]      4     18 A U - -
    MP    21    20 6    25     4     2     2    28    47  -8.235  -8.442  -0.218  -2.902                 -4.820 -4.002 -4.818  3.261 -4.463 -5.950 -0.123 -4.656 -4.661 -0.306 -5.164 -1.497  1.886 -5.383 -2.117 -3.604 
    ML    22    20 6    25     4     1     1    30    49  -3.758  -3.940  -0.507  -2.670                  0.368 -0.385 -0.191  0.094 
    MR    23    20 6    25     4     1     1    29    48  -4.809  -3.838  -1.706  -0.766                  0.368 -0.385 -0.191  0.094 
     D    24    20 6    25     4     0     0    28    47  -4.568  -4.250  -2.265  -0.520                 
    IL    25    25 5    25     4     1     1    31    50  -1.686  -2.369  -1.117  -4.855                  0.000  0.000  0.000  0.000 
    IR    26    26 6    26     3     1     1    30    49  -1.442  -0.798  -4.142                          0.000  0.000  0.000  0.000 
                                             [ MATL    5 ]      5      - u - - -
    ML    27    26 6    29     3     1     1    26    45  -9.002  -0.010  -7.656                         -0.351  0.180 -1.773  0.840 
     D    28    26 6    29     3     0     0    25    44  -8.031  -0.305  -2.423                         
    IL    29    29 3    29     3     1     1    29    48  -1.442  -0.798  -4.142                          0.000  0.000  0.000  0.000 
                                             [ MATL    6 ]      6      - C - - -
    ML    30    29 3    32     3     1     1    25    43  -9.189  -0.009  -7.843                         -2.691  1.634 -3.623 -0.597 
     D    31    29 3    32     3     0     0    24    43  -6.174  -1.687  -0.566                         
    IL    32    32 3    32     3     1     1    28    47  -1.442  -0.798  -4.142                          0.000  0.000  0.000  0.000 
                                             [ MATL    7 ]      7      - C - - -
    ML    33    32 3    35     3     1     1    24    42  -9.524  -0.008  -7.842                         -2.627  1.608 -3.567 -0.504 
     D    34    32 3    35     3     0     0    22    41  -5.620  -0.734  -1.403                         
    IL    35    35 3    35     3     1     1    25    43  -1.925  -0.554  -4.164                          0.000  0.000  0.000  0.000 
                                             [ MATR    8 ]      -     17 - C - -
    MR    36    35 3    38     3     1     1    23    41  -9.524  -0.008  -7.842                         -4.298  1.933 -4.936 -3.370 
     D    37    35 3    38     3     0     0    21    40  -6.390  -1.568  -0.620                         
    IR    38    38 3    38     3     1     1    24    42  -1.925  -0.554  -4.164                          0.000  0.000  0.000  0.000 
                                             [ MATR    9 ]      -     16 - A - -
    MR    39    38 3    41     3     1     1    22    40  -9.524  -0.008  -7.842                          1.599 -2.372 -2.483 -0.743 
     D    40    38 3    41     3     0     0    20    39  -6.390  -1.568  -0.620                         
    IR    41    41 3    41     3     1     1    23    41  -1.925  -0.554  -4.164                          0.000  0.000  0.000  0.000 
                                             [ MATR   10 ]      -     15 - A - -
    MR    42    41 3    44     5     1     1    21    39  -8.209  -0.018  -8.024  -8.237  -9.128          1.946 -4.655 -4.116 -4.373 
     D    43    41 3    44     5     0     0    20    39  -5.352  -0.707  -2.978  -4.409  -2.404         
    IR    44    44 3    44     5     1     1    21    40  -2.408  -0.496  -5.920  -4.087  -5.193          0.000  0.000  0.000  0.000 
                                             [ MATP   11 ]      8     14 C G - -
    MP    45    44 3    49     4     2     2    20    38  -8.235  -8.442  -0.022  -6.856                 -7.169 -7.295 -6.347 -3.505 -4.728 -6.418  3.924 -5.874 -6.655 -3.464 -6.446 -5.448 -1.657 -7.077 -2.679 -5.457 
    ML    46    44 3    49     4     1     1    21    40  -3.758  -3.940  -0.507  -2.670                  0.368 -0.385 -0.191  0.094 
    MR    47    44 3    49     4     1     1    21    40  -4.809  -3.838  -1.706  -0.766                  0.368 -0.385 -0.191  0.094 
     D    48    44 3    49     4     0     0    20    39  -4.568  -4.250  -2.265  -0.520                 
    IL    49    49 5    49     4     1     1    23    41  -1.686  -2.369  -1.117  -4.855                  0.000  0.000  0.000  0.000 
    IR    50    50 6    50     3     1     1    22    40  -1.442  -0.798  -4.142                          0.000  0.000  0.000  0.000 
                                             [ MATL   12 ]      9      - A - - -
    ML    51    50 6    53     3     1     1    17    35  -9.189  -0.009  -7.843                          1.351 -2.951  0.199 -2.539 
     D    52    50 6    53     3     0     0    17    35  -6.174  -1.687  -0.566                         
    IL    53    53 3    53     3     1     1    21    39  -1.442  -0.798  -4.142                          0.000  0.000  0.000  0.000 
                                             [ MATL   13 ]     10      - U - - -
    ML    54    53 3    56     3     1     1    15    34  -9.189  -0.427  -1.975                         -3.688 -3.360 -4.479  1.918 
     D    55    53 3    56     3     0     0    16    34  -6.174  -1.687  -0.566                         
    IL    56    56 3    56     3     1     1    20    38  -1.442  -0.798  -4.142                          0.000  0.000  0.000  0.000 
                                             [ MATL   14 ]     11      - c - - -
    ML    57    56 3    59     3     1     1    14    33  -8.774  -0.012  -7.428                         -0.659  0.283  0.183  0.021 
     D    58    56 3    59     3     0     0    13    32  -8.853  -0.164  -3.244                         
    IL    59    59 3    59     3     1     1    19    37  -1.442  -0.798  -4.142                          0.000  0.000  0.000  0.000 
                                             [ MATL   15 ]     12      - C - - -
    ML    60    59 3    62     3     1     1    12    31  -9.189  -0.009  -7.843                         -4.298  1.933 -4.936 -3.370 
     D    61    59 3    62     3     0     0    13    32  -6.174  -1.687  -0.566                         
    IL    62    62 3    62     3     1     1    18    36  -1.442  -0.798  -4.142                          0.000  0.000  0.000  0.000 
                                             [ MATL   16 ]     13      - C - - -
    ML    63    62 3    65     2     1     1     1     1       *   0.000                                 -0.554  1.150 -2.344 -0.146 
     D    64    62 3    65     2     0     0     0     0       *   0.000                                 
    IL    65    65 3    65     2     1     1    13    28  -1.823  -0.479                                  0.000  0.000  0.000  0.000 
                                             [ END    17 ]      -      - - - - -
     E    66    65 3    -1     0     0     0     0     0                                                 
//
HMMER3/f [i1.1rc1 | June 2012]
NAME  twist_up
LENG  21
MAXL  83
ALPH  RNA
RF    no
MM    no
CONS  yes
CS    yes
MAP   yes
DATE  Thu Sep 20 15:18:56 2012
COM   [1] /share/data/bin/cmbuild -F /share/data/people/ppg15/motifs/twist_up/CM /share/data/people/ppg15/motifs/twist_up/SEED
NSEQ  7
EFFN  5.793457
CKSUM 369727655
STATS LOCAL MSV       -6.5885  0.76868
STATS LOCAL VITERBI   -7.2873  0.76868
STATS LOCAL FORWARD   -2.5723  0.76868
HMM          A        C        G        U   
            m->m     m->i     m->d     i->m     i->i     d->m     d->d
  COMPO   1.55304  0.96616  1.54217  1.64022
          1.38629  1.38629  1.38629  1.38629
          0.02198  4.52179  4.52179  1.46634  0.26236  0.00000        *
      1   4.53888  0.06694  4.39962  3.17521      1 C - - <
          1.38629  1.38629  1.38629  1.38629
          0.02198  4.52179  4.52179  1.46634  0.26236  1.09861  0.40547
      2   2.70640  0.61631  1.78826  1.48706      2 C - - <
          1.38629  1.38629  1.38629  1.38629
          0.02198  4.52179  4.52179  1.46634  0.26236  1.09861  0.40547
      3   1.72680  2.10444  0.47349  2.55867      3 G - - <
          1.38629  1.38629  1.38629  1.38629
          0.02198  4.52179  4.52179  1.46634  0.26236  1.09861  0.40547
      4   0.56928  2.48622  2.31860  1.37662      4 A - - <
          1.38629  1.38629  1.38629  1.38629
          0.14923  4.52179  2.05762  1.46634  0.26236  1.09861  0.40547
      5   1.60095  1.28185  2.51975  0.82032      5 u - - -
          1.38629  1.38629  1.38629  1.38629
          0.02492  4.39748  4.39748  1.46634  0.26236  0.15714  1.92816
      6   3.05945  0.27889  3.69980  1.76178      6 C - - -
          1.38629  1.38629  1.38629  1.38629
          0.02198  4.52179  4.52179  1.46634  0.26236  1.09861  0.40547
      7   3.01725  0.29706  3.66155  1.70171      7 C - - -
          1.38629  1.38629  1.38629  1.38629
          0.02198  4.52179  4.52179  1.46634  0.26236  1.09861  0.40547
      8   4.45002  0.06948  4.34742  3.15822      8 C - - <
          1.38629  1.38629  1.38629  1.38629
          0.02198  4.52179  4.52179  1.46634  0.26236  1.09861  0.40547
      9   0.47402  3.20502  1.26797  2.89054      9 A - - _
          1.38629  1.38629  1.38629  1.38629
          0.02198  4.52179  4.52179  1.46634  0.26236  1.09861  0.40547
     10   3.70784  3.50639  4.25222  0.07125     10 U - - _
          1.38629  1.38629  1.38629  1.38629
          0.30455  4.52179  1.37963  1.46634  0.26236  1.09861  0.40547
     11   1.76877  1.22281  1.28839  1.34961     11 c - - _
          1.38629  1.38629  1.38629  1.38629
          0.02905  4.24630  4.24630  1.46634  0.26236  0.08285  2.53186
     12   4.13435  0.05786  4.61478  3.49661     12 C - - _
          1.38629  1.38629  1.38629  1.38629
          0.02198  4.52179  4.52179  1.46634  0.26236  1.09861  0.40547
     13   1.73431  0.62724  2.86788  1.45846     13 C - - _
          1.38629  1.38629  1.38629  1.38629
          0.02198  4.52179  4.52179  1.46634  0.26236  1.09861  0.40547
     14   3.45197  4.52714  0.05824  4.26263     14 G - - >
          1.38629  1.38629  1.38629  1.38629
          0.02198  4.52179  4.52179  1.46634  0.26236  1.09861  0.40547
     15   0.04726  4.37256  4.00957  4.17362     15 A - - -
          1.38629  1.38629  1.38629  1.38629
          0.02198  4.52179  4.52179  1.46634  0.26236  1.09861  0.40547
     16   0.30488  2.87882  2.94060  1.87241     16 A - - -
          1.38629  1.38629  1.38629  1.38629
          0.02198  4.52179  4.52179  1.46634  0.26236  1.09861  0.40547
     17   4.13435  0.05786  4.61478  3.49661     17 C - - -
          1.38629  1.38629  1.38629  1.38629
          0.02198  4.52179  4.52179  1.46634  0.26236  1.09861  0.40547
     18   1.44686  2.58560  2.31455  0.52673     18 U - - >
          1.38629  1.38629  1.38629  1.38629
          0.02198  4.52179  4.52179  1.46634  0.26236  1.09861  0.40547
     19   2.82040  0.52862  1.99541  1.53693     19 C - - >
          1.38629  1.38629  1.38629  1.38629
          0.02198  4.52179  4.52179  1.46634  0.26236  1.09861  0.40547
     20   1.65009  1.87857  0.56244  2.46110     20 G - - >
          1.38629  1.38629  1.38629  1.38629
          0.02198  4.52179  4.52179  1.46634  0.26236  1.09861  0.40547
     21   3.47138  4.56274  0.05664  4.30090     21 G - - >
          1.38629  1.38629  1.38629  1.38629
          0.01105  4.51086        *  1.46634  0.26236  0.00000        *
//
