INFERNAL-1 [1.0.2]
NAME     Domain-V
GA       10.00
STATES   106
NODES    26
ALPHABET 1
ELSELF   -0.08926734
WBETA    1e-07
NSEQ     70
EFFNSEQ  70.000
CLEN     34
BCOM     cmbuild -F domain-V/CM domain-V/SEED
BDATE    Wed May 30 12:09:10 2012
CCOM     /home/ppg15/bin/cmcalibrate --mpi -s 1 /home/ppg15/motifs/domain-V/CM
CDATE    Wed May 30 12:15:32 2012
NULL     0.000  0.000  0.000  0.000 
PART     1        0    100  
E-LC     0      0.61260    -5.50342     3.86905     1500000      350492  0.003210
E-GC     0      0.46345    -9.40928     3.05320     1500000      120896  0.003102
E-LI     0      0.64657    -3.49134     5.16988     1500000      304250  0.003698
E-GI     0      0.50232    -7.27038     3.93369     1500000      104296  0.003596
E-LV     0      0.55742    -1.74415     7.80670    15000000      230818  0.004874
E-GV     0      0.54937    -1.86634     9.78047    15000000      225332  0.001664
E-LF     0      0.63050     0.70519     9.13083    15000000      228191  0.004930
E-GF     0      0.58655    -0.42021    10.48701    15000000      225159  0.001665
FT-LC    36  0.99300  10000  1500000  0
            30.2136    29.0999    21.1757    17.0447    12.8713    11.7347    9.55711    8.05615    6.83227    5.52124    5.51819    4.68597    2.61204    2.26105    1.78175    1.50516     1.4059    1.30257    1.29233    1.19277    1.09796   0.791731   0.600864    0.46302   0.438095   0.332964   0.320238   0.278707   0.239833   0.214995 0.00628763 0.00597085 0.00431477 0.00255637 0.00224883 0.00215938 
            15253.7    13540.1    11712.3    10363.9    9304.59    8176.42     7303.8    6297.96    5503.03    4937.46       4369    3878.19    3462.11     3106.3     2755.6    2365.65    2074.89    1862.82    1583.16    1404.42    1224.84    1087.92    941.657    814.028    711.729    627.804    561.509    501.899    450.033    397.977    185.927    166.714    137.029    83.5859     64.464    39.7977 
FT-LI    36  0.99300  10000  1500000  0
            49.9836      48.22    28.9353    26.9541    18.5693    16.6909    14.7643    11.6557    8.49366    7.19474    7.07363    4.90298    3.60808    2.85209    2.14566    2.07318    1.98404    1.79326    1.69682    1.51554    1.31842    1.03888   0.819937   0.543542   0.488503   0.414891   0.392299   0.352119   0.296564   0.263651 0.00666591 0.00623703 0.00449122  0.0025771 0.00221304 0.00218121 
            15253.7    13540.1    11712.3    10363.9    9304.59    8176.42     7303.8    6297.96    5503.03    4937.46       4369    3878.19    3462.11     3106.3     2755.6    2365.65    2089.33    1862.82    1599.21    1404.42    1224.84    1087.92    941.657    814.028    711.729    627.804    561.509    501.899    450.033    397.977    185.927    166.714    137.029    83.5859     64.464    39.7977 
FT-GC    38  0.99300  10000  1500000  0
            91.9776    84.2807    67.5754    49.2411    45.5397    38.8943    30.0107    20.2725    14.1914    12.7587    12.3155    10.2078     7.4025    6.89759    6.08313    4.25414    3.49957    3.11505    3.04595    2.54869    1.93888    1.82134    1.64436    1.49949    1.18109   0.989061   0.897132   0.792952   0.717364   0.640305   0.591967    0.56611    0.55657   0.499292  0.0200685  0.0191457  0.0143307 0.00519808 
            15612.8    13610.5    12246.8    10776.8    9640.27    8528.04    7447.41    6642.51    5914.18    5290.47    4746.45    4233.46    3664.63    3257.08    2930.73    2621.66    2304.27    2048.01    1741.91    1562.79    1384.11    1243.23    1112.12    993.673    866.743    770.802    683.875    610.321    536.434    480.426    424.001    374.204    328.709    311.948    157.719    96.0797    50.4582    31.1948 
FT-GI    37  0.99300  10000  1500000  0
            98.6206    82.2279    61.1488    45.3867    41.3114    37.5089     30.746     20.384    13.9619    12.2339    11.3297    9.45963    7.34647    6.86976    5.82225    4.14121    3.28281    2.97131    2.75105     2.3331    1.78303     1.6243    1.37366    1.14967    1.01029   0.827454   0.754826   0.658012   0.588131   0.490893   0.486636   0.464615   0.409203   0.364712  0.0123519 0.00878832  0.0029024 
            15117.2    13404.5    11802.5    10502.2    9394.65    8354.75    7447.41    6642.51    5914.18    5290.47    4746.45    4233.46    3664.63    3257.08    2930.73    2621.66    2304.27    2048.01    1741.91    1562.79    1401.26    1243.23    1112.12    993.673    866.743    770.802    683.875    610.321    536.434    480.426    424.001    374.204    328.709    311.948    96.0797    50.4582    31.1948 
MODEL:
				[ ROOT    0 ]
     S     0    -1 0     1     6 -12.174 -12.113  -0.023 -10.890  -6.108 -11.564 
    IL     1     1 2     1     6  -2.579  -2.842  -0.760  -4.497  -5.274  -4.934  0.000  0.000  0.000  0.000 
    IR     2     2 3     2     5  -2.408  -0.496  -5.920  -4.087  -5.193          0.000  0.000  0.000  0.000 
				[ MATP    1 ]
    MP     3     2 3     7     6 -12.153 -12.093  -0.003 -10.869 -11.149 -11.544 -3.736 -1.557 -3.853  0.134 -1.936 -4.061 -0.541 -2.122 -3.874  2.574 -3.982  1.088  1.322 -0.794 -2.662  0.794 
    ML     4     2 3     7     6  -6.250  -6.596  -1.310  -1.005  -6.446  -3.975  0.660 -0.612 -0.293 -0.076 
    MR     5     2 3     7     6  -8.227  -6.956  -0.486  -6.934  -2.068  -5.148  1.548 -1.734 -1.580 -1.184 
     D     6     2 3     7     6  -9.049  -7.747  -3.544  -4.226  -4.244  -0.319 
    IL     7     7 5     7     6  -2.579  -2.842  -0.760  -4.497  -5.274  -4.934  0.000  0.000  0.000  0.000 
    IR     8     8 6     8     5  -2.408  -0.496  -5.920  -4.087  -5.193          0.000  0.000  0.000  0.000 
				[ MATP    2 ]
    MP     9     8 6    13     6 -12.174 -12.113  -0.003 -10.890 -11.169 -11.564  0.946 -1.229 -1.629  3.497 -5.431 -6.062 -0.451 -5.171 -1.944 -1.727 -6.523 -3.276 -1.205 -5.638 -3.936 -4.658 
    ML    10     8 6    13     6  -6.250  -6.596  -1.310  -1.005  -6.446  -3.975  0.660 -0.612 -0.293 -0.076 
    MR    11     8 6    13     6  -6.988  -5.717  -1.625  -5.695  -0.829  -3.908  0.660 -0.612 -0.293 -0.076 
     D    12     8 6    13     6  -9.049  -7.747  -3.544  -4.226  -4.244  -0.319 
    IL    13    13 5    13     6  -2.579  -2.842  -0.760  -4.497  -5.274  -4.934  0.000  0.000  0.000  0.000 
    IR    14    14 6    14     5  -2.408  -0.496  -5.920  -4.087  -5.193          0.000  0.000  0.000  0.000 
				[ MATP    3 ]
    MP    15    14 6    19     6 -12.174 -12.113  -0.003 -10.890 -11.169 -11.564 -5.671 -6.692 -6.444 -1.638 -1.914 -7.397 -3.725 -6.779  0.879  1.862 -1.367  3.197 -2.640 -6.216 -4.173 -5.636 
    ML    16    14 6    19     6  -6.250  -6.596  -1.310  -1.005  -6.446  -3.975  0.660 -0.612 -0.293 -0.076 
    MR    17    14 6    19     6  -6.988  -5.717  -1.625  -5.695  -0.829  -3.908  0.660 -0.612 -0.293 -0.076 
     D    18    14 6    19     6  -9.049  -7.747  -3.544  -4.226  -4.244  -0.319 
    IL    19    19 5    19     6  -2.579  -2.842  -0.760  -4.497  -5.274  -4.934  0.000  0.000  0.000  0.000 
    IR    20    20 6    20     5  -2.408  -0.496  -5.920  -4.087  -5.193          0.000  0.000  0.000  0.000 
				[ MATP    4 ]
    MP    21    20 6    25     6  -6.083 -12.113  -0.024 -10.890 -11.169 -11.564 -6.619 -7.431 -5.749 -3.690  0.227 -0.570  3.586  0.591 -7.603 -3.721 -5.886 -5.455 -1.890 -7.274 -3.055 -6.181 
    ML    22    20 6    25     6  -6.250  -6.596  -1.310  -1.005  -6.446  -3.975  0.660 -0.612 -0.293 -0.076 
    MR    23    20 6    25     6  -6.988  -5.717  -1.625  -5.695  -0.829  -3.908  0.660 -0.612 -0.293 -0.076 
     D    24    20 6    25     6  -9.049  -7.747  -3.544  -4.226  -4.244  -0.319 
    IL    25    25 5    25     6  -3.713  -3.976  -0.298  -5.631  -6.408  -6.068  0.000  0.000  0.000  0.000 
    IR    26    26 6    26     5  -2.408  -0.496  -5.920  -4.087  -5.193          0.000  0.000  0.000  0.000 
				[ MATP    5 ]
    MP    27    26 6    31     6 -12.174 -12.113  -0.044 -10.890  -5.133 -11.564 -2.094  1.407 -0.552  1.508 -2.352 -6.735  2.894 -6.200 -5.743 -0.423 -6.472 -4.753 -0.004 -5.685 -3.642 -5.126 
    ML    28    26 6    31     6  -6.250  -6.596  -1.310  -1.005  -6.446  -3.975  0.660 -0.612 -0.293 -0.076 
    MR    29    26 6    31     6  -6.988  -5.717  -1.625  -5.695  -0.829  -3.908  0.660 -0.612 -0.293 -0.076 
     D    30    26 6    31     6  -9.049  -7.747  -3.544  -4.226  -4.244  -0.319 
    IL    31    31 5    31     6  -2.579  -2.842  -0.760  -4.497  -5.274  -4.934  0.000  0.000  0.000  0.000 
    IR    32    32 6    32     5  -2.408  -0.496  -5.920  -4.087  -5.193          0.000  0.000  0.000  0.000 
				[ MATP    6 ]
    MP    33    32 6    37     6 -12.133 -12.072  -0.026  -5.922 -11.128 -11.523 -5.485 -5.413 -5.988  0.488 -1.093 -6.442  0.719 -5.965 -5.853  2.838 -5.919 -3.008  1.877 -0.963 -0.726 -1.749 
    ML    34    32 6    37     6  -6.250  -6.596  -1.310  -1.005  -6.446  -3.975  0.660 -0.612 -0.293 -0.076 
    MR    35    32 6    37     6  -8.881  -7.610  -1.185  -7.589  -0.916  -5.802  0.734  0.258 -1.220 -0.489 
     D    36    32 6    37     6  -9.049  -7.747  -3.544  -4.226  -4.244  -0.319 
    IL    37    37 5    37     6  -2.579  -2.842  -0.760  -4.497  -5.274  -4.934  0.000  0.000  0.000  0.000 
    IR    38    38 6    38     5  -2.408  -0.496  -5.920  -4.087  -5.193          0.000  0.000  0.000  0.000 
				[ MATP    7 ]
    MP    39    38 6    43     4 -11.246 -11.453  -0.003  -9.867                 -5.410 -0.836 -5.984  1.172 -6.194 -6.022 -1.065 -5.677 -2.192  2.304 -2.175 -1.489  2.599 -1.207 -3.485 -1.717 
    ML    40    38 6    43     4  -4.951  -5.133  -0.200  -3.863                  1.582 -1.826 -1.688 -1.276 
    MR    41    38 6    43     4  -6.199  -5.228  -0.443  -2.156                  1.560 -1.764 -1.615 -1.214 
     D    42    38 6    43     4  -4.568  -4.250  -2.265  -0.520                 
    IL    43    43 5    43     4  -1.686  -2.369  -1.117  -4.855                  0.000  0.000  0.000  0.000 
    IR    44    44 6    44     3  -1.442  -0.798  -4.142                          0.000  0.000  0.000  0.000 
				[ MATL    8 ]
    ML    45    44 6    47     3 -12.208  -0.819  -1.208                          0.579 -2.396  0.961 -1.433 
     D    46    44 6    47     3  -6.174  -1.687  -0.566                         
    IL    47    47 3    47     3  -1.442  -0.798  -4.142                          0.000  0.000  0.000  0.000 
				[ MATL    9 ]
    ML    48    47 3    50     3 -11.694  -0.002 -10.011                         -5.184 -4.901 -5.867  1.972 
     D    49    47 3    50     3  -0.030  -6.292  -6.961                         
    IL    50    50 3    50     3  -1.139  -0.876  -9.723                          0.000  0.000  0.000  0.000 
				[ MATR   10 ]
    MR    51    50 3    53     3 -12.507  -0.001 -10.824                          0.024 -0.122 -1.490  0.772 
     D    52    50 3    53     3  -6.390  -1.568  -0.620                         
    IR    53    53 3    53     3  -1.925  -0.554  -4.164                          0.000  0.000  0.000  0.000 
				[ MATR   11 ]
    MR    54    53 3    56     3 -12.507  -0.021  -6.159                         -2.492 -5.961  1.918 -5.200 
     D    55    53 3    56     3  -6.390  -1.568  -0.620                         
    IR    56    56 3    56     3  -1.925  -0.554  -4.164                          0.000  0.000  0.000  0.000 
				[ MATR   12 ]
    MR    57    56 3    59     3  -4.361  -0.073 -10.805                         -0.689  0.366 -4.328  1.029 
     D    58    56 3    59     3  -7.970  -3.148  -0.179                         
    IR    59    59 3    59     3  -3.842  -2.472  -0.415                          0.000  0.000  0.000  0.000 
				[ MATR   13 ]
    MR    60    59 3    62     5 -11.061  -0.002 -10.877 -11.089 -11.980          1.846 -1.595 -4.916 -4.650 
     D    61    59 3    62     5  -2.231  -0.878  -2.293  -7.015  -5.010         
    IR    62    62 3    62     5  -3.185  -0.269  -6.696  -4.864  -5.970          0.000  0.000  0.000  0.000 
				[ MATP   14 ]
    MP    63    62 3    67     6 -12.156 -12.095  -0.021  -6.250 -11.151 -11.546 -6.069 -5.359 -6.958  0.839 -2.690 -7.040  2.331 -2.289 -6.284  2.965 -6.133 -2.939 -2.132 -6.314 -1.796 -1.892 
    ML    64    62 3    67     6  -7.511  -7.857  -2.571  -0.339  -7.707  -5.236 -0.358  1.039 -1.197 -0.456 
    MR    65    62 3    67     6  -6.988  -5.717  -1.625  -5.695  -0.829  -3.908  0.660 -0.612 -0.293 -0.076 
     D    66    62 3    67     6  -9.049  -7.747  -3.544  -4.226  -4.244  -0.319 
    IL    67    67 5    67     6  -2.579  -2.842  -0.760  -4.497  -5.274  -4.934  0.000  0.000  0.000  0.000 
    IR    68    68 6    68     5  -2.408  -0.496  -5.920  -4.087  -5.193          0.000  0.000  0.000  0.000 
				[ MATP   15 ]
    MP    69    68 6    73     6  -6.433 -12.077  -0.065 -10.853 -11.133  -5.001 -7.227 -7.852 -1.813  2.142 -6.042 -7.486  3.340 -7.251 -7.998 -3.474 -6.946 -5.098 -0.136 -7.837 -3.585 -6.669 
    ML    70    68 6    73     6  -8.170  -8.516  -1.072  -1.005  -8.366  -5.895 -1.221  1.531 -2.048 -1.186 
    MR    71    68 6    73     6  -6.988  -5.717  -1.625  -5.695  -0.829  -3.908  0.660 -0.612 -0.293 -0.076 
     D    72    68 6    73     6  -9.049  -7.747  -3.544  -4.226  -4.244  -0.319 
    IL    73    73 5    73     6  -3.513  -0.864  -1.694  -5.431  -6.207  -5.867  0.000  0.000  0.000  0.000 
    IR    74    74 6    74     5  -3.043  -0.300  -6.554  -4.722  -5.827          0.000  0.000  0.000  0.000 
				[ MATP   16 ]
    MP    75    74 6    79     4 -11.226 -11.433  -0.827  -1.200                 -5.862 -1.246 -6.773  1.368 -7.235 -6.684 -1.359 -6.342 -6.003  1.902 -5.727  0.887  2.677 -2.420 -1.635 -5.225 
    ML    76    74 6    79     4  -4.782  -4.964  -1.530  -0.772                 -0.341 -0.994 -1.129  1.171 
    MR    77    74 6    79     4  -4.809  -3.838  -1.706  -0.766                  0.660 -0.612 -0.293 -0.076 
     D    78    74 6    79     4  -0.307  -6.570  -4.585  -2.840                 
    IL    79    79 5    79     4  -3.647  -4.331  -0.215  -6.816                  0.000  0.000  0.000  0.000 
    IR    80    80 6    80     3  -1.442  -0.798  -4.142                          0.000  0.000  0.000  0.000 
				[ MATL   17 ]
    ML    81    80 6    83     3 -11.407  -0.002 -10.061                          0.392 -1.493  0.811 -0.791 
     D    82    80 6    83     3 -12.416  -7.929  -0.006                         
    IL    83    83 3    83     3  -1.442  -0.798  -4.142                          0.000  0.000  0.000  0.000 
				[ MATL   18 ]
    ML    84    83 3    86     3 -11.407  -0.002 -10.061                         -1.006 -0.338  0.521  0.352 
     D    85    83 3    86     3 -12.416  -0.013  -6.807                         
    IL    86    86 3    86     3  -1.442  -0.798  -4.142                          0.000  0.000  0.000  0.000 
				[ MATL   19 ]
    ML    87    86 3    89     3 -12.208  -0.001 -10.862                         -2.384 -2.807  1.861 -4.927 
     D    88    86 3    89     3  -6.174  -1.687  -0.566                         
    IL    89    89 3    89     3  -1.442  -0.798  -4.142                          0.000  0.000  0.000  0.000 
				[ MATL   20 ]
    ML    90    89 3    92     3 -12.208  -0.001 -10.862                          1.044  0.387 -1.970 -1.415 
     D    91    89 3    92     3  -6.174  -1.687  -0.566                         
    IL    92    92 3    92     3  -1.442  -0.798  -4.142                          0.000  0.000  0.000  0.000 
				[ MATL   21 ]
    ML    93    92 3    95     3  -1.209  -0.819 -10.862                          1.250 -7.915  0.689 -7.557 
     D    94    92 3    95     3  -6.174  -1.687  -0.566                         
    IL    95    95 3    95     3  -3.964  -0.100  -8.534                          0.000  0.000  0.000  0.000 
				[ MATL   22 ]
    ML    96    95 3    98     3 -12.208  -0.803  -1.229                          1.938 -3.641 -4.235 -4.797 
     D    97    95 3    98     3  -6.174  -1.687  -0.566                         
    IL    98    98 3    98     3  -1.442  -0.798  -4.142                          0.000  0.000  0.000  0.000 
				[ MATL   23 ]
    ML    99    98 3   101     3  -5.677  -0.030 -10.061                         -1.608  0.611  0.833 -1.462 
     D   100    98 3   101     3 -12.416  -7.929  -0.006                         
    IL   101   101 3   101     3  -2.011  -0.486  -4.712                          0.000  0.000  0.000  0.000 
				[ MATL   24 ]
    ML   102   101 3   104     2       *   0.000                                 -1.684 -1.392 -0.835  1.458 
     D   103   101 3   104     2       *   0.000                                 
    IL   104   104 3   104     2  -1.823  -0.479                                  0.000  0.000  0.000  0.000 
				[ END    25 ]
     E   105   104 3    -1     0                                                 
//
