INFERNAL-1 [1.0.2]
NAME     U-turn
GA       10.00
STATES   64
NODES    15
ALPHABET 1
ELSELF   -0.08926734
WBETA    1e-07
NSEQ     19
EFFNSEQ  19.000
CLEN     20
BCOM     cmbuild -F U-turn/CM U-turn/SEED
BDATE    Wed May 30 12:09:13 2012
CCOM     /home/ppg15/bin/cmcalibrate --mpi -s 1 /home/ppg15/motifs/U-turn/CM
CDATE    Wed May 30 13:11:27 2012
NULL     0.000  0.000  0.000  0.000 
PART     1        0    100  
E-LC     0      0.61158    -3.70636     5.41043     1500000      296911  0.003789
E-GC     0      0.57666    -4.93709     6.76372     1500000      319451  0.001174
E-LI     0      0.65954    -1.91479     6.32665     1500000      258103  0.004359
E-GI     0      0.57839    -4.50956     6.98035     1500000      288523  0.001300
E-LV     0      0.91128     2.89121     8.68416    15000000      220692  0.005098
E-GV     0      1.00295     3.13949     9.24758    15000000      171618  0.002185
E-LF     0      0.95571     3.60539     9.12109    15000000      219030  0.005136
E-GF     0      1.07429     3.98112     9.67811    15000000      170617  0.002198
FT-LC    33  0.99300  10000  1500000  0
            5.03576    4.72988    4.26164    4.04509     3.8308    3.54294    3.36291    3.20091    2.98484    2.69879    2.52939    2.29781    2.14963    2.04074    1.98434    1.84342    1.79878     1.7556    1.57846    1.43219    1.28169    1.23496    1.18465    1.14846    1.06785    1.02921   0.951708    0.90844   0.825817    0.76926   0.723623   0.676959   0.629825 
            12817.9    11407.2    10210.1    9051.77    8001.86    6827.96    6105.61    5491.07    4924.25    4230.05    3732.26    3267.98    2899.99    2605.61    2338.88    2007.23     1805.2    1615.77    1447.59    1229.34    1099.28    975.499    870.632    781.507    700.165    626.093    560.391     493.03    443.406    388.247    347.837    301.382    261.716 
FT-LI    33  0.99300  10000  1500000  0
            5.97289    5.37214    4.87473    4.61326    4.40842    3.94478    3.69955    3.54788    3.38107    3.03519    2.77511    2.60955    2.38359    2.20983    2.16092    1.99009    1.94155    1.85008    1.71087    1.52131    1.43965    1.31493    1.24448    1.18942     1.0996     1.0773   0.993442   0.934043   0.848008   0.796174   0.733353    0.68405   0.632714 
            12817.9    11407.2    10210.1    9051.77    8001.86    6827.96    6105.61    5491.07    4924.25    4230.05    3732.26    3267.98    2899.99    2605.61    2338.88    2044.01     1805.2    1615.77    1447.59    1229.34    1099.28    975.499    870.632    781.507    700.165    626.093    560.391     493.03    443.406    388.247    347.837    301.382    261.716 
FT-GC    36  0.99300  10000  1500000  0
            4.39657    4.11274     3.9115    3.85027    3.61589    3.49476    3.37758    3.11113     2.8554    2.56756    2.50926    2.42051    2.29412    2.12386    2.09467    2.02886    1.96479     1.9319    1.75343    1.62713    1.55973    1.48201    1.42201    1.33491    1.26077    1.17327    1.08796    1.05322   0.986319   0.977307   0.931631   0.911295   0.833027   0.773592   0.719792   0.711573 
            9360.05    8388.59    7485.72    6708.79    5961.05    5342.37    4767.36    4281.76    3833.25       3406    3023.13    2680.41    2197.29     1975.6    1751.64    1566.47    1396.37    1231.44    1094.18    981.676     882.63     766.76    688.657    614.537    552.533    495.719    434.826    389.278    345.519    305.363    273.083    239.538    212.155    190.545    158.738    145.777 
FT-GI    36  0.99300  10000  1500000  0
            4.84423    4.56762    4.35892    4.26497    4.02777    3.86633    3.72017    3.39368    3.13119    2.79384    2.71851    2.63638    2.53372    2.32521    2.27865    2.21743    2.17144     2.1373    1.91437    1.78296    1.71669    1.63675    1.56819    1.45014    1.38362    1.29407    1.20606    1.16662    1.08598    1.07735    1.03109   0.983197   0.919141   0.853559   0.793742    0.78861 
            9360.05    8388.59    7485.72    6708.79    5961.05    5342.37    4767.36    4281.76    3833.25       3406    3023.13    2680.41    2197.29     1975.6    1751.64    1566.47    1396.37    1231.44    1094.18    981.676     882.63     766.76    688.657    614.537    552.533    495.719    434.826    389.278    345.519    305.363    273.083    239.538    212.155    190.545    158.738    145.777 
MODEL:
				[ ROOT    0 ]
     S     0    -1 0     1     6  -2.207 -10.558  -0.680  -3.995  -9.614  -3.401 
    IL     1     1 2     1     6  -0.489  -1.952  -5.339  -9.076  -9.852  -9.513  0.000  0.000  0.000  0.000 
    IR     2     2 3     2     5  -0.742  -1.348  -9.396  -7.564  -8.670          0.000  0.000  0.000  0.000 
				[ MATP    1 ]
    MP     3     2 3     7     6 -10.376 -10.315  -0.009  -9.091  -9.371  -9.766 -2.568 -2.498 -0.184  0.952 -0.608 -2.961  1.654 -2.585 -2.753  2.107 -2.879 -1.078  0.917 -2.377 -1.048  0.150 
    ML     4     2 3     7     6  -7.980  -8.326  -3.041  -0.237  -8.176  -5.706 -1.071 -2.092  1.550 -1.472 
    MR     5     2 3     7     6  -6.988  -5.717  -1.625  -5.695  -0.829  -3.908  0.660 -0.612 -0.293 -0.076 
     D     6     2 3     7     6 -11.514 -10.212  -6.009  -6.691  -6.709  -0.053 
    IL     7     7 5     7     6  -2.579  -2.842  -0.760  -4.497  -5.274  -4.934  0.000  0.000  0.000  0.000 
    IR     8     8 6     8     5  -2.408  -0.496  -5.920  -4.087  -5.193          0.000  0.000  0.000  0.000 
				[ MATP    2 ]
    MP     9     8 6    13     6 -10.376 -10.315  -0.009  -9.091  -9.371  -9.766 -4.142 -0.405 -4.855  1.802 -5.216 -4.824  1.506 -4.481 -4.270  2.408 -4.042  0.333 -0.457 -4.204 -2.034  0.021 
    ML    10     8 6    13     6  -7.980  -8.326  -3.041  -0.237  -8.176  -5.706 -1.071 -2.092  1.550 -1.472 
    MR    11     8 6    13     6  -6.988  -5.717  -1.625  -5.695  -0.829  -3.908  0.660 -0.612 -0.293 -0.076 
     D    12     8 6    13     6 -11.514 -10.212  -1.444  -6.691  -6.709  -0.708 
    IL    13    13 5    13     6  -2.579  -2.842  -0.760  -4.497  -5.274  -4.934  0.000  0.000  0.000  0.000 
    IR    14    14 6    14     5  -2.408  -0.496  -5.920  -4.087  -5.193          0.000  0.000  0.000  0.000 
				[ MATP    3 ]
    MP    15    14 6    19     6 -10.443 -10.382  -0.008  -9.159  -9.438  -9.833  1.539 -3.830 -4.200 -0.379 -3.396 -4.761  0.527 -4.302  0.963  2.846 -4.339 -2.010 -0.481 -3.859 -1.969 -3.362 
    ML    16    14 6    19     6  -7.980  -8.326  -0.286  -2.735  -8.176  -5.706 -0.946  1.416 -1.772 -0.945 
    MR    17    14 6    19     6  -6.988  -5.717  -1.625  -5.695  -0.829  -3.908  0.660 -0.612 -0.293 -0.076 
     D    18    14 6    19     6 -10.888  -9.586  -0.426  -6.066  -6.083  -2.158 
    IL    19    19 5    19     6  -2.579  -2.842  -0.760  -4.497  -5.274  -4.934  0.000  0.000  0.000  0.000 
    IR    20    20 6    20     5  -2.408  -0.496  -5.920  -4.087  -5.193          0.000  0.000  0.000  0.000 
				[ MATP    4 ]
    MP    21    20 6    25     6  -3.952 -10.558  -0.103  -9.334  -9.614 -10.009 -4.392 -4.142 -0.473  0.803 -3.681 -5.130  1.265 -4.647 -4.722  2.006 -4.631 -0.022  2.406 -4.413 -1.476 -3.430 
    ML    22    20 6    25     6  -6.250  -6.596  -1.310  -1.005  -6.446  -3.975  0.660 -0.612 -0.293 -0.076 
    MR    23    20 6    25     6  -6.988  -5.717  -1.625  -5.695  -0.829  -3.908  0.660 -0.612 -0.293 -0.076 
     D    24    20 6    25     6  -9.049  -7.747  -3.544  -4.226  -4.244  -0.319 
    IL    25    25 5    25     6  -1.226  -5.038  -0.944  -6.693  -7.469  -7.129  0.000  0.000  0.000  0.000 
    IR    26    26 6    26     5  -2.408  -0.496  -5.920  -4.087  -5.193          0.000  0.000  0.000  0.000 
				[ MATP    5 ]
    MP    27    26 6    31     6  -4.192  -4.016  -0.185  -9.334  -9.614 -10.009 -4.669 -3.673 -5.614  1.754 -6.322 -5.464  0.522 -5.130 -4.788  3.004 -4.480 -1.244  0.400 -4.823 -2.329 -0.132 
    ML    28    26 6    31     6  -6.250  -6.596  -1.310  -1.005  -6.446  -3.975  0.660 -0.612 -0.293 -0.076 
    MR    29    26 6    31     6  -6.988  -5.717  -1.625  -5.695  -0.829  -3.908  0.660 -0.612 -0.293 -0.076 
     D    30    26 6    31     6  -9.049  -7.747  -3.544  -4.226  -4.244  -0.319 
    IL    31    31 5    31     6  -0.795  -1.745  -3.229  -6.967  -7.743  -7.403  0.000  0.000  0.000  0.000 
    IR    32    32 6    32     5  -0.659  -1.501  -8.835  -7.003  -8.109          0.000  0.000  0.000  0.000 
				[ MATP    6 ]
    MP    33    32 6    37     6 -10.618 -10.558  -0.007  -9.334  -9.614 -10.009 -7.525 -4.374 -8.436  0.646 -8.389 -4.737 -2.410 -7.525 -5.525  3.735 -5.028 -1.046 -2.377 -4.793 -4.362 -6.247 
    ML    34    32 6    37     6  -6.250  -6.596  -1.310  -1.005  -6.446  -3.975  0.660 -0.612 -0.293 -0.076 
    MR    35    32 6    37     6  -6.988  -5.717  -1.625  -5.695  -0.829  -3.908  0.660 -0.612 -0.293 -0.076 
     D    36    32 6    37     6  -9.049  -7.747  -3.544  -4.226  -4.244  -0.319 
    IL    37    37 5    37     6  -2.579  -2.842  -0.760  -4.497  -5.274  -4.934  0.000  0.000  0.000  0.000 
    IR    38    38 6    38     5  -2.408  -0.496  -5.920  -4.087  -5.193          0.000  0.000  0.000  0.000 
				[ MATP    7 ]
    MP    39    38 6    43     4  -9.496  -9.703  -0.009  -8.117                 -8.179 -6.846 -7.964  0.481 -6.399 -8.774  3.136 -7.205 -8.410  2.286 -7.735 -2.986 -0.863 -8.489 -2.356 -6.040 
    ML    40    38 6    43     4  -3.758  -3.940  -0.507  -2.670                  0.660 -0.612 -0.293 -0.076 
    MR    41    38 6    43     4  -4.809  -3.838  -1.706  -0.766                  0.660 -0.612 -0.293 -0.076 
     D    42    38 6    43     4  -4.568  -4.250  -2.265  -0.520                 
    IL    43    43 5    43     4  -1.686  -2.369  -1.117  -4.855                  0.000  0.000  0.000  0.000 
    IR    44    44 6    44     3  -1.442  -0.798  -4.142                          0.000  0.000  0.000  0.000 
				[ MATL    8 ]
    ML    45    44 6    47     3  -1.774  -0.657  -3.769                         -1.010 -2.577  1.327 -0.272 
     D    46    44 6    47     3  -6.174  -1.687  -0.566                         
    IL    47    47 3    47     3  -3.682  -0.136  -6.382                          0.000  0.000  0.000  0.000 
				[ MATL    9 ]
    ML    48    47 3    50     3 -10.317  -0.004  -8.971                         -1.480 -1.565 -3.672  1.689 
     D    49    47 3    50     3  -8.387  -0.232  -2.779                         
    IL    50    50 3    50     3  -1.442  -0.798  -4.142                          0.000  0.000  0.000  0.000 
				[ MATL   10 ]
    ML    51    50 3    53     3 -10.424  -0.004  -9.078                          0.353 -1.420  1.109 -2.374 
     D    52    50 3    53     3  -6.174  -1.687  -0.566                         
    IL    53    53 3    53     3  -1.442  -0.798  -4.142                          0.000  0.000  0.000  0.000 
				[ MATL   11 ]
    ML    54    53 3    56     3  -1.096  -0.915  -9.078                          1.967 -5.413 -5.035 -4.819 
     D    55    53 3    56     3  -6.174  -1.687  -0.566                         
    IL    56    56 3    56     3  -4.243  -0.091  -6.943                          0.000  0.000  0.000  0.000 
				[ MATL   12 ]
    ML    57    56 3    59     3 -10.424  -0.004  -9.078                          0.881 -0.993 -0.223 -0.323 
     D    58    56 3    59     3  -6.174  -1.687  -0.566                         
    IL    59    59 3    59     3  -1.442  -0.798  -4.142                          0.000  0.000  0.000  0.000 
				[ MATL   13 ]
    ML    60    59 3    62     2       *   0.000                                  1.328 -0.748 -1.104 -1.221 
     D    61    59 3    62     2       *   0.000                                 
    IL    62    62 3    62     2  -1.823  -0.479                                  0.000  0.000  0.000  0.000 
				[ END    14 ]
     E    63    62 3    -1     0                                                 
//
