INFERNAL1/a [1.1rc1 | June 2012]
NAME     Domain-V
DESC     Splicing domain V
STATES   106
NODES    26
CLEN     34
W        52
ALPH     RNA
RF       no
CONS     yes
MAP      yes
DATE     Thu Sep 20 14:25:51 2012
COM      [1] /share/data/bin/cmbuild -F /share/data/people/ppg15/motifs/domain-V/CM /share/data/people/ppg15/motifs/domain-V/SEED
COM      [2] /share/data/bin/cmcalibrate --mpi --seed 1 /share/data/people/ppg15/motifs/domain-V/CM
PBEGIN   0.05
PEND     0.05
WBETA    1e-07
QDBBETA1 1e-07
QDBBETA2 1e-15
N2OMEGA  1.52588e-05
N3OMEGA  1.52588e-05
ELSELF   -0.08926734
NSEQ     70
EFFN     70.000000
CKSUM    3571394819
NULL     0.000  0.000  0.000  0.000 
GA       10.00
EFP7GF   -4.6451 0.75406
ECMLC    0.63251    -4.62300     4.37898     1600000      356451  0.003367
ECMGC    0.46548    -8.83046     3.52196     1600000      125654  0.003183
ECMLI    0.61681    -3.38220     5.61501     1600000      308540  0.003889
ECMGI    0.47768    -7.24516     4.46604     1600000      107548  0.003719
CM
                                             [ ROOT    0 ]      -      - - - - -
     S     0    -1 0     1     6     1     1    52    76 -12.174 -12.113  -0.020 -10.890  -6.341 -11.564 
    IL     1     1 2     1     6     1     8    54    77  -2.579  -2.842  -0.760  -4.497  -5.274  -4.934  0.000  0.000  0.000  0.000 
    IR     2     2 3     2     5     1     8    54    77  -2.408  -0.496  -5.920  -4.087  -5.193          0.000  0.000  0.000  0.000 
                                             [ MATP    1 ]      1     45 g c - -
    MP     3     2 3     7     6     2    13    53    76 -12.157 -12.096  -0.003 -10.872 -11.152 -11.547 -5.360 -1.883 -5.367  0.063 -2.576 -6.076 -0.340 -2.829 -5.619  2.812 -6.029  0.793  1.468 -1.063 -3.572  0.485 
    ML     4     2 3     7     6     1     7    51    74  -6.250  -6.596  -1.310  -1.005  -6.446  -3.975  0.368 -0.385 -0.191  0.094 
    MR     5     2 3     7     6     1     8    51    74  -8.093  -6.822  -0.544  -6.800  -1.934  -5.014  1.439 -1.506 -1.223 -0.977 
     D     6     2 3     7     6     0     4    48    71  -9.049  -7.747  -3.544  -4.226  -4.244  -0.319 
    IL     7     7 5     7     6     1     8    52    75  -2.579  -2.842  -0.760  -4.497  -5.274  -4.934  0.000  0.000  0.000  0.000 
    IR     8     8 6     8     5     1     8    52    75  -2.408  -0.496  -5.920  -4.087  -5.193          0.000  0.000  0.000  0.000 
                                             [ MATP    2 ]      2     44 A U - -
    MP     9     8 6    13     6     2    13    51    74 -12.174 -12.113  -0.003 -10.890 -11.169 -11.564  1.248 -1.170 -1.155  3.483 -9.035 -10.512 -0.354 -8.196 -1.711 -3.543 -8.498 -4.217 -1.777 -9.367 -6.606 -6.901 
    ML    10     8 6    13     6     1     7    49    72  -6.250  -6.596  -1.310  -1.005  -6.446  -3.975  0.368 -0.385 -0.191  0.094 
    MR    11     8 6    13     6     1     7    49    72  -6.988  -5.717  -1.625  -5.695  -0.829  -3.908  0.368 -0.385 -0.191  0.094 
     D    12     8 6    13     6     0     4    46    69  -9.049  -7.747  -3.544  -4.226  -4.244  -0.319 
    IL    13    13 5    13     6     1     8    50    73  -2.579  -2.842  -0.760  -4.497  -5.274  -4.934  0.000  0.000  0.000  0.000 
    IR    14    14 6    14     5     1     8    50    73  -2.408  -0.496  -5.920  -4.087  -5.193          0.000  0.000  0.000  0.000 
                                             [ MATP    3 ]      3     43 G U - -
    MP    15    14 6    19     6     2    12    49    72 -12.174 -12.113  -0.003 -10.890 -11.169 -11.564 -8.096 -6.756 -8.283 -1.284 -1.866 -11.382 -5.803 -8.335  1.146  1.832 -1.078  3.170 -5.760 -9.529 -7.646 -6.889 
    ML    16    14 6    19     6     1     7    47    70  -6.250  -6.596  -1.310  -1.005  -6.446  -3.975  0.368 -0.385 -0.191  0.094 
    MR    17    14 6    19     6     1     7    47    70  -6.988  -5.717  -1.625  -5.695  -0.829  -3.908  0.368 -0.385 -0.191  0.094 
     D    18    14 6    19     6     0     4    44    67  -9.049  -7.747  -3.544  -4.226  -4.244  -0.319 
    IL    19    19 5    19     6     1     7    48    71  -2.579  -2.842  -0.760  -4.497  -5.274  -4.934  0.000  0.000  0.000  0.000 
    IR    20    20 6    20     5     1     8    48    71  -2.408  -0.496  -5.920  -4.087  -5.193          0.000  0.000  0.000  0.000 
                                             [ MATP    4 ]      4     42 C G - -
    MP    21    20 6    25     6     2    11    47    70  -5.159 -12.113  -0.043 -10.890 -11.169 -11.564 -9.125 -9.407 -8.443 -5.643  0.447 -0.454  3.580  0.810 -8.547 -5.615 -8.666 -7.811 -3.526 -8.959 -4.496 -7.348 
    ML    22    20 6    25     6     1     6    45    68  -6.250  -6.596  -1.310  -1.005  -6.446  -3.975  0.368 -0.385 -0.191  0.094 
    MR    23    20 6    25     6     1     6    45    68  -6.988  -5.717  -1.625  -5.695  -0.829  -3.908  0.368 -0.385 -0.191  0.094 
     D    24    20 6    25     6     0     4    42    65  -9.049  -7.747  -3.544  -4.226  -4.244  -0.319 
    IL    25    25 5    25     6     1     8    46    69  -4.294  -4.557  -0.192  -6.212  -6.989  -6.649  0.000  0.000  0.000  0.000 
    IR    26    26 6    26     5     1     7    46    69  -2.408  -0.496  -5.920  -4.087  -5.193          0.000  0.000  0.000  0.000 
                                             [ MATP    5 ]      6     41 C G - -
    MP    27    26 6    31     6     2    10    44    68 -12.174 -12.113  -0.063 -10.890  -4.589 -11.564 -2.846  1.311 -0.493  1.239 -2.808 -6.823  3.023 -5.758 -5.913 -0.383 -6.446 -3.641 -0.085 -6.147 -2.777 -4.782 
    ML    28    26 6    31     6     1     6    43    66  -6.250  -6.596  -1.310  -1.005  -6.446  -3.975  0.368 -0.385 -0.191  0.094 
    MR    29    26 6    31     6     1     6    43    66  -6.988  -5.717  -1.625  -5.695  -0.829  -3.908  0.368 -0.385 -0.191  0.094 
     D    30    26 6    31     6     0     4    41    64  -9.049  -7.747  -3.544  -4.226  -4.244  -0.319 
    IL    31    31 5    31     6     1     7    44    67  -2.579  -2.842  -0.760  -4.497  -5.274  -4.934  0.000  0.000  0.000  0.000 
    IR    32    32 6    32     5     1     7    44    67  -2.408  -0.496  -5.920  -4.087  -5.193          0.000  0.000  0.000  0.000 
                                             [ MATP    6 ]      7     40 G C - -
    MP    33    32 6    37     6     2     8    43    66 -12.113 -12.052  -0.022  -6.177 -11.109 -11.504 -5.742 -5.078 -5.740  0.356 -1.192 -6.477  0.372 -5.933 -5.887  3.015 -6.323 -2.861  1.730 -1.000 -0.803 -1.987 
    ML    34    32 6    37     6     1     6    41    64  -6.250  -6.596  -1.310  -1.005  -6.446  -3.975  0.368 -0.385 -0.191  0.094 
    MR    35    32 6    37     6     1     6    41    64  -9.304  -8.033  -1.623  -8.011  -0.615  -6.224  0.211  0.876 -1.600 -0.563 
     D    36    32 6    37     6     0     3    40    63  -9.049  -7.747  -3.544  -4.226  -4.244  -0.319 
    IL    37    37 5    37     6     1     6    42    65  -2.579  -2.842  -0.760  -4.497  -5.274  -4.934  0.000  0.000  0.000  0.000 
    IR    38    38 6    38     5     1     7    42    65  -2.408  -0.496  -5.920  -4.087  -5.193          0.000  0.000  0.000  0.000 
                                             [ MATP    7 ]      8     39 u a - -
    MP    39    38 6    43     4     2     6    41    64 -11.229 -11.436  -0.003  -9.850                 -4.671 -0.865 -4.771  0.841 -4.991 -5.547 -0.701 -5.203 -1.726  2.350 -2.312 -1.681  2.630 -1.535 -2.996 -1.672 
    ML    40    38 6    43     4     1     5    40    63  -4.798  -4.980  -0.224  -3.710                  1.467 -1.567 -1.278 -1.041 
    MR    41    38 6    43     4     1     5    40    63  -6.844  -5.873  -0.268  -2.801                  1.752 -2.534 -2.150 -2.093 
     D    42    38 6    43     4     0     3    39    62  -4.568  -4.250  -2.265  -0.520                 
    IL    43    43 5    43     4     1     5    42    65  -1.686  -2.369  -1.117  -4.855                  0.000  0.000  0.000  0.000 
    IR    44    44 6    44     3     1     5    41    64  -1.442  -0.798  -4.142                          0.000  0.000  0.000  0.000 
                                             [ MATL    8 ]      9      - g - - -
    ML    45    44 6    47     3     1     4    39    62 -12.208  -0.779  -1.262                          0.693 -2.550  0.983 -2.083 
     D    46    44 6    47     3     0     3    38    61  -6.174  -1.687  -0.566                         
    IL    47    47 3    47     3     1     5    38    61  -1.442  -0.798  -4.142                          0.000  0.000  0.000  0.000 
                                             [ MATL    9 ]     10      - U - - -
    ML    48    47 3    50     3     1     5    31    53 -11.734  -0.002 -10.051                         -7.292 -6.583 -8.253  1.993 
     D    49    47 3    50     3     0     3    39    62  -0.031  -6.239  -6.908                         
    IL    50    50 3    50     3     1     5    39    62  -1.153  -0.865  -9.659                          0.000  0.000  0.000  0.000 
                                             [ MATR   10 ]      -     38 - u - -
    MR    51    50 3    53     3     1     4    29    48 -12.507  -0.001 -10.824                          0.010 -0.194 -1.653  0.848 
     D    52    50 3    53     3     0     0    28    46  -6.390  -1.568  -0.620                         
    IR    53    53 3    53     3     1     2    31    48  -1.925  -0.554  -4.164                          0.000  0.000  0.000  0.000 
                                             [ MATR   11 ]      -     37 - G - -
    MR    54    53 3    56     3     1     3    28    47 -12.507  -0.017  -6.480                         -2.723 -8.301  1.941 -7.389 
     D    55    53 3    56     3     0     0    27    45  -6.390  -1.568  -0.620                         
    IR    56    56 3    56     3     1     2    30    48  -1.925  -0.554  -4.164                          0.000  0.000  0.000  0.000 
                                             [ MATR   12 ]      -     36 - u - -
    MR    57    56 3    59     3     1     2    27    46  -3.670  -0.119 -10.809                         -0.782  0.554 -5.213  0.943 
     D    58    56 3    59     3     0     0    26    44  -7.756  -2.934  -0.210                         
    IR    59    59 3    59     3     1     1    27    45  -4.385  -3.014  -0.272                          0.000  0.000  0.000  0.000 
                                             [ MATR   13 ]      -     34 - A - -
    MR    60    59 3    62     5     1     3    26    45 -11.019  -0.003 -10.835 -11.047 -11.939          1.871 -1.708 -6.047 -5.659 
     D    61    59 3    62     5     0     0    26    44  -1.002  -1.511  -3.041  -7.466  -5.461         
    IR    62    62 3    62     5     1     1    26    45  -4.138  -0.132  -7.649  -5.817  -6.923          0.000  0.000  0.000  0.000 
                                             [ MATP   14 ]     13     32 G C - -
    MP    63    62 3    67     6     2     3    25    44 -12.159 -12.099  -0.025  -5.952 -11.155 -11.550 -6.434 -5.378 -6.304  0.532 -1.960 -6.957  2.262 -1.983 -6.534  3.051 -6.877 -3.013 -1.918 -6.265 -1.783 -2.411 
    ML    64    62 3    67     6     1     1    24    43  -7.325  -7.671  -2.385  -0.392  -7.521  -5.050 -0.595  1.076 -1.348 -0.256 
    MR    65    62 3    67     6     1     1    25    43  -6.988  -5.717  -1.625  -5.695  -0.829  -3.908  0.368 -0.385 -0.191  0.094 
     D    66    62 3    67     6     0     0    23    41  -9.049  -7.747  -3.544  -4.226  -4.244  -0.319 
    IL    67    67 5    67     6     1     1    25    43  -2.579  -2.842  -0.760  -4.497  -5.274  -4.934  0.000  0.000  0.000  0.000 
    IR    68    68 6    68     5     1     1    25    43  -2.408  -0.496  -5.920  -4.087  -5.193          0.000  0.000  0.000  0.000 
                                             [ MATP   15 ]     14     31 C G - -
    MP    69    68 6    73     6     2     2    23    42  -4.413 -12.076  -0.179 -10.852 -11.132  -3.872 -8.886 -8.945 -1.873  2.458 -6.736 -8.538  3.219 -7.611 -8.370 -5.085 -8.543 -6.992 -0.327 -8.811 -4.421 -7.173 
    ML    70    68 6    73     6     1     1    23    42  -8.187  -8.533  -1.343  -0.786  -8.383  -5.913 -1.773  1.633 -2.598 -1.180 
    MR    71    68 6    73     6     1     1    24    42  -6.988  -5.717  -1.625  -5.695  -0.829  -3.908  0.368 -0.385 -0.191  0.094 
     D    72    68 6    73     6     0     0    22    41  -9.049  -7.747  -3.544  -4.226  -4.244  -0.319 
    IL    73    73 5    73     6     1     1    23    41  -4.826  -0.289  -3.007  -6.744  -7.520  -7.180  0.000  0.000  0.000  0.000 
    IR    74    74 6    74     5     1     1    22    40  -4.119  -0.134  -7.630  -5.798  -6.904          0.000  0.000  0.000  0.000 
                                             [ MATP   16 ]     16     29 u a - -
    MP    75    74 6    79     4     2     2    20    39 -11.160 -11.367  -0.835  -1.189                 -5.907 -1.198 -5.789  1.022 -6.521 -6.426 -1.049 -6.358 -6.144  2.053 -6.453  1.077  2.631 -2.387 -1.890 -4.772 
    ML    76    74 6    79     4     1     1    23    41  -4.949  -5.132  -1.698  -0.665                 -0.939 -1.037 -1.637  1.417 
    MR    77    74 6    79     4     1     1    23    42  -4.809  -3.838  -1.706  -0.766                  0.368 -0.385 -0.191  0.094 
     D    78    74 6    79     4     0     0    22    41  -0.149  -7.540  -5.556  -3.810                 
    IL    79    79 5    79     4     1     1    22    41  -4.566  -5.250  -0.110  -7.735                  0.000  0.000  0.000  0.000 
    IR    80    80 6    80     3     1     1    25    43  -1.442  -0.798  -4.142                          0.000  0.000  0.000  0.000 
                                             [ MATL   17 ]     18      - G - - -
    ML    81    80 6    83     3     1     1    18    37 -11.438  -0.002 -10.092                          0.101 -1.763  1.123 -1.137 
     D    82    80 6    83     3     0     0    16    35 -12.374  -7.887  -0.006                         
    IL    83    83 3    83     3     1     1    24    42  -1.442  -0.798  -4.142                          0.000  0.000  0.000  0.000 
                                             [ MATL   18 ]     19      - g - - -
    ML    84    83 3    86     3     1     1    17    36 -11.438  -0.002 -10.092                         -0.479 -0.647  0.503  0.295 
     D    85    83 3    86     3     0     0    16    34 -12.374  -0.014  -6.766                         
    IL    86    86 3    86     3     1     1    23    41  -1.442  -0.798  -4.142                          0.000  0.000  0.000  0.000 
                                             [ MATL   19 ]     20      - G - - -
    ML    87    86 3    89     3     1     1    16    34 -12.208  -0.001 -10.862                         -1.883 -2.857  1.835 -5.363 
     D    88    86 3    89     3     0     0    18    36  -6.174  -1.687  -0.566                         
    IL    89    89 3    89     3     1     1    22    40  -1.442  -0.798  -4.142                          0.000  0.000  0.000  0.000 
                                             [ MATL   20 ]     21      - A - - -
    ML    90    89 3    92     3     1     1    15    33 -12.208  -0.001 -10.862                          1.133  0.266 -2.107 -1.423 
     D    91    89 3    92     3     0     0    17    35  -6.174  -1.687  -0.566                         
    IL    92    92 3    92     3     1     1    21    39  -1.442  -0.798  -4.142                          0.000  0.000  0.000  0.000 
                                             [ MATL   21 ]     22      - A - - -
    ML    93    92 3    95     3     1     1    13    31  -1.185  -0.837 -10.862                          1.267 -7.006  0.658 -6.903 
     D    94    92 3    95     3     0     0    14    32  -6.174  -1.687  -0.566                         
    IL    95    95 3    95     3     1     1    13    31  -3.462  -0.141  -8.599                          0.000  0.000  0.000  0.000 
                                             [ MATL   22 ]     25      - A - - -
    ML    96    95 3    98     3     1     1    11    30 -12.208  -0.773  -1.271                          1.911 -2.774 -3.822 -5.569 
     D    97    95 3    98     3     0     0    14    33  -6.174  -1.687  -0.566                         
    IL    98    98 3    98     3     1     1    19    37  -1.442  -0.798  -4.142                          0.000  0.000  0.000  0.000 
                                             [ MATL   23 ]     26      - c - - -
    ML    99    98 3   101     3     1     1     9    19  -4.113  -0.087 -10.092                         -1.141  0.584  0.520 -0.707 
     D   100    98 3   101     3     0     0     5    15 -12.374  -7.887  -0.006                         
    IL   101   101 3   101     3     1     1    10    20  -2.753  -0.271  -5.453                          0.000  0.000  0.000  0.000 
                                             [ MATL   24 ]     28      - U - - -
    ML   102   101 3   104     2     1     1     1     1       *   0.000                                 -1.915 -0.566 -1.103  1.375 
     D   103   101 3   104     2     0     0     0     0       *   0.000                                 
    IL   104   104 3   104     2     1     1    13    28  -1.823  -0.479                                  0.000  0.000  0.000  0.000 
                                             [ END    25 ]      -      - - - - -
     E   105   104 3    -1     0     0     0     0     0                                                 
//
HMMER3/f [i1.1rc1 | June 2012]
NAME  Domain-V
DESC  Splicing domain V
LENG  34
MAXL  85
ALPH  RNA
RF    no
MM    no
CONS  yes
CS    yes
MAP   yes
DATE  Thu Sep 20 14:25:51 2012
COM   [1] /share/data/bin/cmbuild -F /share/data/people/ppg15/motifs/domain-V/CM /share/data/people/ppg15/motifs/domain-V/SEED
NSEQ  70
EFFN  46.531372
CKSUM 3571394819
STATS LOCAL MSV       -7.6666  0.75406
STATS LOCAL VITERBI   -8.2986  0.75406
STATS LOCAL FORWARD   -2.1566  0.75406
HMM          A        C        G        U   
            m->m     m->i     m->d     i->m     i->i     d->m     d->d
  COMPO   1.35517  1.52949  1.20826  1.48398
          1.38629  1.38629  1.38629  1.38629
          0.01563  6.58203  4.25976  1.46634  0.26236  0.00000        *
      1   2.32902  2.51191  0.63428  1.23382      1 G - - <
          1.38629  1.38629  1.38629  1.38629
          0.00281  6.56920  6.56920  1.46634  0.26236  0.17907  1.80819
      2   0.11544  2.96274  3.37726  3.76329      2 A - - <
          1.38629  1.38629  1.38629  1.38629
          0.00277  6.58203  6.58203  1.46634  0.26236  1.09861  0.40547
      3   3.46216  3.93930  0.05616  5.57673      3 G - - <
          1.38629  1.38629  1.38629  1.38629
          0.00277  6.58203  6.58203  1.46634  0.26236  1.09861  0.40547
      4   5.80998  0.01976  5.75291  4.31290      4 C - - <
          1.38629  1.38629  1.38629  1.38629
          0.03304  3.47012  6.58203  0.08677  2.48756  1.09861  0.40547
      5   1.07173  0.69403  2.69694  2.40115      6 c - - <
          1.38629  1.38629  1.38629  1.38629
          0.04793  6.58203  3.09199  1.46634  0.26236  1.09861  0.40547
      6   2.36539  2.13746  0.68867  1.25215      7 G - - <
          1.38629  1.38629  1.38629  1.38629
          0.00290  6.53700  6.53700  1.46634  0.26236  1.12239  0.39379
      7   1.79786  2.72767  1.04786  0.87159      8 u - - <
          1.38629  1.38629  1.38629  1.38629
          0.00286  6.55185  6.55185  1.46634  0.26236  0.08529  2.50405
      8   0.91968  3.08056  0.71026  2.75039      9 g - - -
          1.38629  1.38629  1.38629  1.38629
          0.00277  6.58203  6.58203  1.46634  0.26236  1.09861  0.40547
      9   5.78249  5.38078  6.39909  0.00939     10 U - - -
          1.38629  1.38629  1.38629  1.38629
          0.42665  1.06154  6.58203  0.00799  4.83372  1.09861  0.40547
     10   2.30044  1.12127  0.66720  2.80059     13 G - - <
          1.38629  1.38629  1.38629  1.38629
          0.00277  6.58203  6.58203  1.46634  0.26236  1.09861  0.40547
     11   1.04868  0.54129  5.01645  2.79729     14 C - - <
          1.38629  1.38629  1.38629  1.38629
          0.05291  2.99276  6.58203  0.05435  2.93936  1.09861  0.40547
     12   1.82987  3.12044  0.93602  0.90822     16 u - - <
          1.38629  1.38629  1.38629  1.38629
          0.53568  6.58203  0.88348  1.46634  0.26236  1.09861  0.40547
     13   1.32248  2.54523  0.62734  2.11145     18 G - - _
          1.38629  1.38629  1.38629  1.38629
          0.00472  6.05107  6.05107  1.46634  0.26236  5.70522  0.00333
     14   1.66604  1.82081  1.07022  1.18359     19 g - - _
          1.38629  1.38629  1.38629  1.38629
          0.00472  6.05107  6.05107  1.46634  0.26236  0.00668  5.01208
     15   2.65552  3.33594  0.12256  4.65575     20 G - - _
          1.38629  1.38629  1.38629  1.38629
          0.00277  6.58203  6.58203  1.46634  0.26236  1.09861  0.40547
     16   0.61260  1.22077  2.77736  2.29404     21 A - - _
          1.38629  1.38629  1.38629  1.38629
          0.00277  6.58203  6.58203  1.46634  0.26236  1.09861  0.40547
     17   0.50753  5.79863  0.93725  5.71896     22 A - - _
          1.38629  1.38629  1.38629  1.38629
          0.58038  0.82341  6.58203  0.08638  2.49188  1.09861  0.40547
     18   0.06667  3.29142  3.93988  4.84826     25 A - - _
          1.38629  1.38629  1.38629  1.38629
          0.53568  6.58203  0.88348  1.46634  0.26236  1.09861  0.40547
     19   2.07573  1.01510  1.05426  1.80959     26 c - - _
          1.38629  1.38629  1.38629  1.38629
          0.06366  2.82473  6.05107  0.07760  2.59478  5.70522  0.00333
     20   2.55880  1.77243  2.14505  0.45315     28 U - - _
          1.38629  1.38629  1.38629  1.38629
          0.13392  6.05107  2.09570  1.46634  0.26236  0.04757  3.06921
     21   0.99275  1.18317  2.79696  1.33887     29 a - - >
          1.38629  1.38629  1.38629  1.38629
          0.07057  2.90120  4.32927  0.05435  2.93936  0.23689  1.55625
     22   2.89720  5.33835  0.51199  1.07670     31 G - - >
          1.38629  1.38629  1.38629  1.38629
          0.00285  6.55445  6.55445  1.46634  0.26236  0.55800  0.84945
     23   3.12434  0.67782  1.15499  2.01553     32 C - - >
          1.38629  1.38629  1.38629  1.38629
          0.00280  6.57133  6.57133  1.46634  0.26236  2.36851  0.09830
     24   0.09338  2.58632  5.10616  4.85442     34 A - - -
          1.38629  1.38629  1.38629  1.38629
          0.05451  2.96328  6.57133  0.05335  2.95736  2.36851  0.09830
     25   1.91816  1.00452  4.53402  0.74199     36 u - - -
          1.38629  1.38629  1.38629  1.38629
          0.00280  6.57133  6.57133  1.46634  0.26236  0.20732  1.67537
     26   3.28205  6.66150  0.04202  6.06700     37 G - - -
          1.38629  1.38629  1.38629  1.38629
          0.00277  6.58203  6.58203  1.46634  0.26236  1.09861  0.40547
     27   1.37063  1.52365  2.46875  0.81317     38 u - - -
          1.38629  1.38629  1.38629  1.38629
          0.01653  6.58203  4.19886  1.46634  0.26236  1.09861  0.40547
     28   0.90835  1.05607  2.44664  1.81766     39 a - - >
          1.38629  1.38629  1.38629  1.38629
          0.00281  6.56830  6.56830  1.46634  0.26236  0.16934  1.85935
     29   1.44649  0.66103  2.05521  2.11844     40 C - - >
          1.38629  1.38629  1.38629  1.38629
          0.00277  6.58203  6.58203  1.46634  0.26236  1.09861  0.40547
     30   2.38886  1.59793  0.60865  1.82099     41 G - - >
          1.38629  1.38629  1.38629  1.38629
          0.00277  6.58203  6.58203  1.46634  0.26236  1.09861  0.40547
     31   2.36918  3.04136  0.29171  2.19206     42 G - - >
          1.38629  1.38629  1.38629  1.38629
          0.00277  6.58203  6.58203  1.46634  0.26236  1.09861  0.40547
     32   1.85541  1.49319  3.42220  0.53390     43 U - - >
          1.38629  1.38629  1.38629  1.38629
          0.00277  6.58203  6.58203  1.46634  0.26236  1.09861  0.40547
     33   1.68184  3.27087  2.51554  0.36359     44 U - - >
          1.38629  1.38629  1.38629  1.38629
          0.00277  6.58203  6.58203  1.46634  0.26236  1.09861  0.40547
     34   1.65038  0.76521  2.59805  1.31539     45 c - - >
          1.38629  1.38629  1.38629  1.38629
          0.00139  6.58064        *  1.46634  0.26236  0.00000        *
//
