INFERNAL-1 [1.0.2]
NAME     pK-turn
GA       14.00
STATES   109
NODES    26
ALPHABET 1
ELSELF   -0.08926734
WBETA    1e-07
NSEQ     306
EFFNSEQ  306.000
CLEN     35
BCOM     cmbuild -F pK-turn/CM pK-turn/SEED
BDATE    Wed May 30 12:09:11 2012
CCOM     /home/ppg15/bin/cmcalibrate --mpi -s 1 /home/ppg15/motifs/pK-turn/CM
CDATE    Wed May 30 12:29:40 2012
NULL     0.000  0.000  0.000  0.000 
PART     1        0    100  
E-LC     0      0.58175    -5.33652     4.85351     1500000      422348  0.002664
E-GC     0      0.53343    -5.07305     6.55348     1500000      185145  0.002025
E-LI     0      0.61854    -2.66145     6.24542     1500000      277841  0.004049
E-GI     0      0.55077    -4.07615     6.94574     1500000      162334  0.002310
E-LV     0      0.81032     3.61601     7.96678    60330000      153708  0.029437
E-GV     0      0.89859     4.30102     9.44212    60330000      153038  0.009855
E-LF     0      0.94251     5.51221     9.24626    60330000      152769  0.029618
E-GF     0      0.99049     5.72087    10.38080    60330000      152408  0.009896
FT-LC    20  0.99300  10000  1500000  0
           0.214342   0.187696   0.167595   0.160341   0.153992   0.150853   0.138465   0.131954   0.121554   0.116556   0.107902  0.0940265   0.090681   0.082726  0.0768708  0.0756683  0.0737992  0.0684126  0.0611604  0.0602851 
            1841.95    1655.86     1466.3    1305.79    1162.86    1036.55    927.448    781.991    695.737    606.866     546.07    484.924    427.793    384.211    339.585    298.449    265.031    234.026    207.821    185.073 
FT-LI    19  0.99300  10000  1500000  0
           0.266314   0.233236   0.215221   0.209278   0.188629   0.187577    0.16363   0.158454   0.151237   0.146166   0.130234   0.111052   0.106214  0.0988944  0.0945758  0.0929574  0.0874826  0.0785344  0.0742253 
            1841.95    1655.86     1466.3    1305.79    1162.86    1036.55    927.448    781.991    695.737    606.866    545.042    484.924    427.793    384.211    339.585    298.449    265.031    234.026    190.381 
FT-GC    19  0.99300  10000  1500000  0
           0.315494   0.310535   0.274464   0.252572   0.234689   0.220358   0.199424   0.192886   0.183151   0.171931   0.165637   0.160153    0.14383   0.139785   0.129071   0.123627   0.113592   0.110785   0.109659 
             1849.4     1645.4    1428.09    1186.63    1051.57    930.028    823.352     726.75    632.648    567.341    489.012    437.231    385.168    345.408    306.699    274.495    246.892    211.125     188.77 
FT-GI    19  0.99300  10000  1500000  0
             0.3049   0.295959   0.256728   0.226329   0.215755   0.194018   0.184409   0.178396   0.164507   0.151916   0.145499   0.134533   0.127851   0.121218   0.113129   0.110073  0.0999381   0.097318  0.0954645 
             1849.4     1645.4    1428.09    1186.63    1051.57    930.028    831.548     726.75    632.648    567.341    489.012    437.231    385.168    345.408    306.699    274.495    246.892    211.125     188.77 
MODEL:
				[ ROOT    0 ]
     S     0    -1 0     1     4 -13.397 -13.604  -0.159  -3.260                 
    IL     1     1 2     1     4  -1.686  -2.369  -1.117  -4.855                  0.000  0.000  0.000  0.000 
    IR     2     2 3     2     3  -1.442  -0.798  -4.142                          0.000  0.000  0.000  0.000 
				[ MATL    1 ]
    ML     3     2 3     5     3 -14.149  -0.126  -3.584                          1.844 -4.679 -2.020 -2.994 
     D     4     2 3     5     3 -12.480  -1.100  -0.907                         
    IL     5     5 3     5     3  -1.442  -0.798  -4.142                          0.000  0.000  0.000  0.000 
				[ MATL    2 ]
    ML     6     5 3     8     5 -13.042  -0.037  -7.870  -5.597 -13.961         -1.716 -2.854  1.770 -2.771 
     D     7     5 3     8     5 -10.764  -0.011 -10.025  -8.400  -8.312         
    IL     8     8 3     8     5  -2.408  -0.496  -4.087  -5.920  -5.193          0.000  0.000  0.000  0.000 
				[ MATP    3 ]
    MP     9     8 3    13     6 -14.162  -7.381  -0.009 -12.878 -13.158 -13.553 -3.836 -2.768 -3.814  0.959 -9.694 -8.675 -1.327 -1.908 -7.995  3.575 -7.681 -0.280 -2.851 -8.035 -5.620 -2.440 
    ML    10     8 3    13     6  -7.629  -7.975  -0.376  -2.384  -7.825  -5.354  1.556 -1.754 -1.603 -1.204 
    MR    11     8 3    13     6  -9.971  -8.700  -1.266  -8.678  -0.811  -6.891  1.018 -1.927  0.404 -1.360 
     D    12     8 3    13     6  -9.049  -7.747  -3.544  -4.226  -4.244  -0.319 
    IL    13    13 5    13     6  -2.579  -2.842  -0.760  -4.497  -5.274  -4.934  0.000  0.000  0.000  0.000 
    IR    14    14 6    14     5  -3.530  -0.207  -7.041  -5.209  -6.315          0.000  0.000  0.000  0.000 
				[ MATP    4 ]
    MP    15    14 6    19     6 -14.178 -14.118  -0.008 -12.894 -13.174  -7.678 -7.892 -6.890 -3.554  1.856 -2.734 -8.694  1.057 -3.780 -8.010  3.068 -4.167 -1.832  0.034 -8.050 -3.135 -3.223 
    ML    16    14 6    19     6  -6.250  -6.596  -1.310  -1.005  -6.446  -3.975  0.660 -0.612 -0.293 -0.076 
    MR    17    14 6    19     6  -9.293  -8.022  -0.212  -8.000  -3.134  -6.214 -0.709  0.889 -1.548  0.256 
     D    18    14 6    19     6  -9.049  -7.747  -3.544  -4.226  -4.244  -0.319 
    IL    19    19 5    19     6  -2.579  -2.842  -0.760  -4.497  -5.274  -4.934  0.000  0.000  0.000  0.000 
    IR    20    20 6    20     5  -2.408  -0.496  -5.920  -4.087  -5.193          0.000  0.000  0.000  0.000 
				[ MATP    5 ]
    MP    21    20 6    25     6  -7.645  -7.619  -0.022  -7.651 -13.182 -13.577 -7.568 -3.747 -1.966  2.979 -9.076 -8.338 -0.111 -4.151 -7.811  2.207 -2.999 -1.249  0.281 -3.276 -2.706 -2.707 
    ML    22    20 6    25     6  -6.250  -6.596  -1.310  -1.005  -6.446  -3.975  0.660 -0.612 -0.293 -0.076 
    MR    23    20 6    25     6  -6.988  -5.717  -1.625  -5.695  -0.829  -3.908  0.660 -0.612 -0.293 -0.076 
     D    24    20 6    25     6 -10.949  -9.647  -5.444  -6.126  -6.144  -0.079 
    IL    25    25 5    25     6  -1.244  -1.266  -2.857  -6.595  -7.371  -7.031  0.000  0.000  0.000  0.000 
    IR    26    26 6    26     5  -1.198  -0.879  -8.241  -6.408  -7.514          0.000  0.000  0.000  0.000 
				[ MATP    6 ]
    MP    27    26 6    31     6  -8.202 -14.118  -0.028 -12.895  -6.036 -13.570 -7.360 -3.462 -7.556  2.049 -6.220 -8.086  2.226 -7.555 -7.783  1.470 -7.714 -1.812  1.603 -4.329 -1.165 -1.115 
    ML    28    26 6    31     6  -7.917  -8.264  -2.978  -0.248  -8.113  -5.643 -0.859  1.374 -1.686 -0.870 
    MR    29    26 6    31     6  -6.988  -5.717  -1.625  -5.695  -0.829  -3.908  0.660 -0.612 -0.293 -0.076 
     D    30    26 6    31     6 -10.949  -9.647  -5.444  -6.126  -6.144  -0.079 
    IL    31    31 5    31     6  -3.652  -3.915  -0.313  -5.570  -6.346  -6.006  0.000  0.000  0.000  0.000 
    IR    32    32 6    32     5  -2.408  -0.496  -5.920  -4.087  -5.193          0.000  0.000  0.000  0.000 
				[ MATP    7 ]
    MP    33    32 6    37     6 -14.157 -14.096  -0.005 -12.873  -8.212 -13.548 -2.410 -6.876 -3.776  1.935 -9.425 -3.750  1.834 -8.322 -7.984  2.499 -7.676 -0.277  0.498 -3.515 -1.900 -7.192 
    ML    34    32 6    37     6  -7.917  -8.264  -2.978  -0.248  -8.113  -5.643 -0.777 -1.301 -1.560  1.417 
    MR    35    32 6    37     6  -9.770  -8.499  -4.407  -8.477  -0.095  -6.690  0.386 -0.007 -1.454  0.414 
     D    36    32 6    37     6 -10.949  -9.647  -5.444  -6.126  -6.144  -0.079 
    IL    37    37 5    37     6  -2.579  -2.842  -0.760  -4.497  -5.274  -4.934  0.000  0.000  0.000  0.000 
    IR    38    38 6    38     5  -2.408  -0.496  -5.920  -4.087  -5.193          0.000  0.000  0.000  0.000 
				[ MATP    8 ]
    MP    39    38 6    43     4 -13.356 -13.563  -0.033  -5.458                 -1.875 -2.144 -5.238  0.686 -1.670 -3.175  2.887 -5.109 -1.190  1.633 -2.769 -1.067  0.060 -2.890 -1.428 -1.721 
    ML    40    38 6    43     4  -5.148  -5.331  -0.173  -4.060                 -0.998 -2.010  1.521 -1.394 
    MR    41    38 6    43     4  -8.013  -7.042  -4.909  -0.066                  1.013 -1.554 -1.748  0.426 
     D    42    38 6    43     4  -6.397  -6.079  -4.094  -0.128                 
    IL    43    43 5    43     4  -1.686  -2.369  -1.117  -4.855                  0.000  0.000  0.000  0.000 
    IR    44    44 6    44     3  -1.442  -0.798  -4.142                          0.000  0.000  0.000  0.000 
				[ MATL    9 ]
    ML    45    44 6    47     3 -14.241  -0.066  -4.480                          0.095  0.212  0.002 -0.374 
     D    46    44 6    47     3 -11.300  -3.147  -0.173                         
    IL    47    47 3    47     3  -1.442  -0.798  -4.142                          0.000  0.000  0.000  0.000 
				[ MATL   10 ]
    ML    48    47 3    50     3 -14.182  -0.031  -5.543                          0.236 -0.829 -0.050  0.372 
     D    49    47 3    50     3 -12.158  -7.671  -0.007                         
    IL    50    50 3    50     3  -1.442  -0.798  -4.142                          0.000  0.000  0.000  0.000 
				[ MATL   11 ]
    ML    51    50 3    53     3 -14.151  -0.279  -2.508                         -0.328  0.088 -1.070  0.734 
     D    52    50 3    53     3 -12.459  -7.972  -0.006                         
    IL    53    53 3    53     3  -1.442  -0.798  -4.142                          0.000  0.000  0.000  0.000 
				[ MATL   12 ]
    ML    54    53 3    56     3  -0.741  -1.766  -3.217                         -0.290 -0.561  0.606 -0.027 
     D    55    53 3    56     3 -13.791  -2.278  -0.333                         
    IL    56    56 3    56     3  -0.077  -4.269 -14.803                          0.000  0.000  0.000  0.000 
				[ MATL   13 ]
    ML    57    56 3    59     3 -14.116  -0.206  -2.910                          0.784 -0.934  0.135 -0.609 
     D    58    56 3    59     3 -12.662  -1.956  -0.430                         
    IL    59    59 3    59     3  -1.925  -0.554  -4.164                          0.000  0.000  0.000  0.000 
				[ MATR   14 ]
    MR    60    59 3    62     5  -1.561  -0.615 -12.528  -7.007 -13.632          0.387 -0.900  0.436 -0.316 
     D    61    59 3    62     5 -12.136  -0.303  -4.687  -3.494  -4.026         
    IR    62    62 3    62     5  -1.101  -0.967  -7.536  -5.899 -11.669          0.000  0.000  0.000  0.000 
				[ MATP   15 ]
    MP    63    62 3    67     6 -14.086 -14.025  -0.021  -6.155 -13.082 -13.477 -0.478 -1.194  0.810  0.999 -1.913 -3.428  0.610 -2.268 -2.050  2.187 -2.299  0.824 -0.495 -4.763 -0.043 -0.958 
    ML    64    62 3    67     6  -9.104  -9.450  -0.661  -1.499  -9.300  -6.829  0.404 -1.222 -0.040  0.351 
    MR    65    62 3    67     6 -11.023  -9.752  -2.402  -9.730  -0.315  -7.944  1.769 -3.228 -1.589 -2.720 
     D    66    62 3    67     6 -12.570 -11.268  -2.138  -7.748  -7.765  -0.390 
    IL    67    67 5    67     6  -2.579  -2.842  -0.760  -4.497  -5.274  -4.934  0.000  0.000  0.000  0.000 
    IR    68    68 6    68     5  -2.408  -0.496  -5.920  -4.087  -5.193          0.000  0.000  0.000  0.000 
				[ MATP   16 ]
    MP    69    68 6    73     6 -14.098 -14.037  -0.020 -12.814 -13.094  -6.258 -2.126 -2.127 -1.453  0.706 -6.014 -3.474  0.190 -1.716 -3.406  2.936 -6.111  0.791  0.889 -5.697 -1.934 -1.436 
    ML    70    68 6    73     6  -9.401  -9.747  -1.851  -0.491  -9.597  -7.127 -0.726  0.238 -0.190  0.421 
    MR    71    68 6    73     6 -10.755  -9.484  -0.321  -9.463  -2.388  -7.676  0.081 -3.228  1.416 -2.576 
     D    72    68 6    73     6 -12.212 -10.911  -1.847  -7.390  -7.407  -0.495 
    IL    73    73 5    73     6  -2.579  -2.842  -0.760  -4.497  -5.274  -4.934  0.000  0.000  0.000  0.000 
    IR    74    74 6    74     5  -2.408  -0.496  -5.920  -4.087  -5.193          0.000  0.000  0.000  0.000 
				[ MATP   17 ]
    MP    75    74 6    79     6 -14.134 -14.073  -0.017  -7.939 -13.130  -7.119 -6.314 -1.284 -6.494  0.671 -3.465 -2.066  1.592 -3.223 -3.115  2.809 -3.382 -1.056  1.058 -6.137 -0.934 -2.304 
    ML    76    74 6    79     6  -9.021  -9.367  -1.004  -1.038  -9.217  -6.746 -2.204 -2.353 -2.971  1.791 
    MR    77    74 6    79     6  -8.591  -7.320  -0.363  -7.299  -2.432  -5.512 -0.863 -1.365 -1.646  1.456 
     D    78    74 6    79     6 -12.808 -11.507  -7.304  -7.986  -8.003  -0.021 
    IL    79    79 5    79     6  -2.579  -2.842  -0.760  -4.497  -5.274  -4.934  0.000  0.000  0.000  0.000 
    IR    80    80 6    80     5  -2.408  -0.496  -5.920  -4.087  -5.193          0.000  0.000  0.000  0.000 
				[ MATP   18 ]
    MP    81    80 6    85     6 -14.136 -14.075  -0.010 -12.852 -13.131  -7.253 -3.604 -1.988 -2.464  0.396 -5.072 -2.389  1.811 -2.210 -5.253  2.572 -2.281  0.829  0.076 -2.985 -0.479 -1.435 
    ML    82    80 6    85     6  -8.718  -9.064  -1.391  -0.735  -8.914  -6.444  0.432 -1.156 -1.380  0.863 
    MR    83    80 6    85     6  -6.988  -5.717  -1.625  -5.695  -0.829  -3.908  0.660 -0.612 -0.293 -0.076 
     D    84    80 6    85     6 -13.175 -11.874  -7.671  -8.353  -8.370  -0.016 
    IL    85    85 5    85     6  -2.579  -2.842  -0.760  -4.497  -5.274  -4.934  0.000  0.000  0.000  0.000 
    IR    86    86 6    86     5  -2.408  -0.496  -5.920  -4.087  -5.193          0.000  0.000  0.000  0.000 
				[ MATP   19 ]
    MP    87    86 6    91     4 -13.335  -2.664  -0.319  -4.622                 -5.071 -3.047 -2.814 -1.552 -1.093 -1.337  2.666 -2.759 -3.108  0.575 -1.227 -0.751 -0.003 -0.401  1.816 -3.237 
    ML    88    86 6    91     4  -5.393  -5.575  -0.145  -4.305                 -1.096 -1.539 -1.878  1.544 
    MR    89    86 6    91     4  -4.809  -3.838  -1.706  -0.766                  0.660 -0.612 -0.293 -0.076 
     D    90    86 6    91     4  -8.871  -8.552  -6.568  -0.022                 
    IL    91    91 5    91     4  -1.686  -2.369  -1.117  -4.855                  0.000  0.000  0.000  0.000 
    IR    92    92 6    92     3  -1.896  -0.454  -9.456                          0.000  0.000  0.000  0.000 
				[ MATL   20 ]
    ML    93    92 6    95     3 -14.196  -0.008  -7.590                         -1.594 -1.263  0.974  0.365 
     D    94    92 6    95     3 -11.998  -1.590  -0.583                         
    IL    95    95 3    95     3  -1.442  -0.798  -4.142                          0.000  0.000  0.000  0.000 
				[ MATL   21 ]
    ML    96    95 3    98     3 -14.227  -0.000 -12.881                         -1.546 -1.257  1.183 -0.047 
     D    97    95 3    98     3 -11.554  -7.067  -0.011                         
    IL    98    98 3    98     3  -1.442  -0.798  -4.142                          0.000  0.000  0.000  0.000 
				[ MATL   22 ]
    ML    99    98 3   101     3 -14.227  -0.000 -12.881                         -2.406  1.483 -2.114 -0.349 
     D   100    98 3   101     3 -11.554  -1.442  -0.663                         
    IL   101   101 3   101     3  -1.442  -0.798  -4.142                          0.000  0.000  0.000  0.000 
				[ MATL   23 ]
    ML   102   101 3   104     3 -14.257  -0.009  -7.275                         -1.284  0.952 -2.949  0.609 
     D   103   101 3   104     3 -10.909  -3.141  -0.174                         
    IL   104   104 3   104     3  -1.442  -0.798  -4.142                          0.000  0.000  0.000  0.000 
				[ MATL   24 ]
    ML   105   104 3   107     2       *   0.000                                 -2.200  1.489 -1.622 -0.621 
     D   106   104 3   107     2       *   0.000                                 
    IL   107   107 3   107     2  -1.823  -0.479                                  0.000  0.000  0.000  0.000 
				[ END    25 ]
     E   108   107 3    -1     0                                                 
//
