INFERNAL1/a [1.1 | October 2013]
NAME     pK-turn
DESC     RNase P RNA pseudoknot kink turn
STATES   145
NODES    38
CLEN     47
W        308
ALPH     RNA
RF       no
CONS     yes
MAP      yes
DATE     Fri May 30 14:59:29 2014
COM      [1] /share/data/bin/cmbuild -F /share/data/people/ppg15/motifs/pK-turn/CM /share/data/people/ppg15/motifs/pK-turn/SEED
COM      [2] /share/data/bin/cmcalibrate --mpi --seed 1 /share/data/people/ppg15/motifs/pK-turn/CM
PBEGIN   0.05
PEND     0.05
WBETA    1e-07
QDBBETA1 1e-07
QDBBETA2 1e-15
N2OMEGA  1.52588e-05
N3OMEGA  1.52588e-05
ELSELF   -0.08926734
NSEQ     306
EFFN     306.000000
CKSUM    3128864728
NULL     0.000  0.000  0.000  0.000 
GA       14.00
EFP7GF   -1.3825 0.78829
ECMLC    0.46199    -6.57075     5.92526     1600000      385835  0.003110
ECMGC    0.49677    -3.72466     8.27667     1600000      155344  0.002575
ECMLI    0.51299    -2.85944     7.54760     1600000      249887  0.004802
ECMGI    0.50122    -2.73542     8.82687     1600000      131491  0.003042
CM
                                             [ ROOT    0 ]      -      - - - - -
     S     0    -1 0     1     4     1     1   308   619 -13.397 -13.604  -0.152  -3.328                 
    IL     1     1 2     1     4     1     2   311   622  -1.686  -2.369  -1.117  -4.855                  0.000  0.000  0.000  0.000 
    IR     2     2 3     2     3     1     1   310   621  -1.442  -0.798  -4.142                          0.000  0.000  0.000  0.000 
                                             [ MATL    1 ]      1      - A - - -
    ML     3     2 3     5     3     1     1   309   620 -14.157  -0.059  -4.640                          1.877 -4.865 -2.283 -3.506 
     D     4     2 3     5     3     0     0   307   618 -12.412  -1.063  -0.940                         
    IL     5     5 3     5     3     1     1   309   620  -1.442  -0.798  -4.142                          0.000  0.000  0.000  0.000 
                                             [ MATL    2 ]      2      - G - - -
    ML     6     5 3     8     5     1     2   308   619 -13.111  -0.022  -9.258  -6.251 -14.030         -2.128 -2.334  1.681 -1.447 
     D     7     5 3     8     5     0     0   307   618 -10.206  -0.016  -9.468  -7.842  -7.755         
    IL     8     8 3     8     5     1     1   308   619  -2.408  -0.496  -4.087  -5.920  -5.193          0.000  0.000  0.000  0.000 
                                             [ MATP    3 ]      3    106 G C - -
    MP     9     8 3    13     6     2     3   307   618 -14.174  -5.760  -0.027 -12.890 -13.169 -13.564 -4.541 -3.518 -4.433  1.135 -9.108 -8.573 -1.778 -1.891 -8.415  3.617 -8.661 -0.928 -3.331 -7.831 -6.182 -2.842 
    ML    10     8 3    13     6     1     1   304   615  -6.937  -7.283  -0.668  -1.692  -7.133  -4.663  1.129 -1.010 -0.756 -0.465 
    MR    11     8 3    13     6     1     1   305   616  -9.470  -8.199  -1.273  -8.177  -0.821  -6.391  0.794 -1.956  0.704 -1.399 
     D    12     8 3    13     6     0     0   291   602  -9.049  -7.747  -3.544  -4.226  -4.244  -0.319 
    IL    13    13 5    13     6     1     1   306   617  -2.579  -2.842  -0.760  -4.497  -5.274  -4.934  0.000  0.000  0.000  0.000 
    IR    14    14 6    14     5     1     1   306   617  -4.632  -0.093  -8.143  -6.311  -7.417          0.000  0.000  0.000  0.000 
                                             [ MATP    4 ]      4    104 G C - -
    MP    15    14 6    19     6     2     2   305   616 -14.183 -14.123  -0.006 -12.899 -13.179  -7.964 -8.167 -6.829 -1.521  1.382 -3.271 -8.593  0.993 -4.936 -8.414  3.293 -4.240 -2.623 -0.354 -7.853 -4.369 -4.365 
    ML    16    14 6    19     6     1     1   301   612  -6.250  -6.596  -1.310  -1.005  -6.446  -3.975  0.368 -0.385 -0.191  0.094 
    MR    17    14 6    19     6     1     1   303   614  -8.836  -7.565  -0.300  -7.543  -2.677  -5.756 -0.834  0.864 -1.641  0.376 
     D    18    14 6    19     6     0     0   285   596  -9.049  -7.747  -3.544  -4.226  -4.244  -0.319 
    IL    19    19 5    19     6     1     1   303   614  -2.579  -2.842  -0.760  -4.497  -5.274  -4.934  0.000  0.000  0.000  0.000 
    IR    20    20 6    20     5     1     1   303   614  -2.408  -0.496  -5.920  -4.087  -5.193          0.000  0.000  0.000  0.000 
                                             [ MATP    5 ]      5    103 a u - -
    MP    21    20 6    25     6     2     2   303   614  -4.200  -6.484  -0.101  -9.274 -13.183 -13.578 -8.026 -4.233 -2.936  2.947 -8.861 -8.499 -0.466 -2.477 -8.283  2.338 -2.995 -1.093  0.365 -4.476 -3.266 -3.307 
    ML    22    20 6    25     6     1     1   299   610  -6.250  -6.596  -1.310  -1.005  -6.446  -3.975  0.368 -0.385 -0.191  0.094 
    MR    23    20 6    25     6     1     1   295   606  -6.988  -5.717  -1.625  -5.695  -0.829  -3.908  0.368 -0.385 -0.191  0.094 
     D    24    20 6    25     6     0     0   278   589 -10.745  -9.443  -5.240  -5.922  -5.940  -0.091 
    IL    25    25 5    25     6     1     1   305   616  -1.026  -1.028  -5.973  -9.710 -10.486 -10.146  0.000  0.000  0.000  0.000 
    IR    26    26 6    26     5     1     1   303   614  -0.708  -1.377 -11.093  -9.260 -10.366          0.000  0.000  0.000  0.000 
                                             [ MATP    6 ]      8     99 c g - -
    MP    27    26 6    31     6     2     2   301   612  -6.468 -14.124  -0.029 -12.901  -6.874 -13.576 -8.090 -4.283 -8.136  2.070 -7.248 -8.973  2.505 -7.846 -8.058  1.268 -8.578 -1.924  1.229 -4.288 -0.625 -1.603 
    ML    28    26 6    31     6     1     1   297   608  -6.988  -7.334  -2.048  -0.516  -7.184  -4.713 -0.288  0.773 -1.011 -0.035 
    MR    29    26 6    31     6     1     1   289   600  -6.988  -5.717  -1.625  -5.695  -0.829  -3.908  0.368 -0.385 -0.191  0.094 
     D    30    26 6    31     6     0     0   275   586 -10.745  -9.443  -5.240  -5.922  -5.940  -0.091 
    IL    31    31 5    31     6     1     1   300   611  -4.820  -5.083  -0.131  -6.738  -7.514  -7.174  0.000  0.000  0.000  0.000 
    IR    32    32 6    32     5     1     1   299   610  -2.408  -0.496  -5.920  -4.087  -5.193          0.000  0.000  0.000  0.000 
                                             [ MATP    7 ]     10     98 g c - -
    MP    33    32 6    37     6     2     2   299   610 -14.173 -14.112  -0.003 -12.889  -9.458 -13.563 -3.304 -6.797 -4.854  2.039 -8.753 -3.516  1.738 -8.500 -8.272  2.323 -8.559  0.983  0.153 -4.643 -2.566 -6.865 
    ML    34    32 6    37     6     1     1   296   607  -6.988  -7.334  -2.048  -0.516  -7.184  -4.713 -0.315 -0.574 -0.949  1.005 
    MR    35    32 6    37     6     1     1   276   587  -9.087  -7.816  -3.725  -7.794  -0.155  -6.008  0.035  0.486 -1.263  0.212 
     D    36    32 6    37     6     0     0   273   584 -10.745  -9.443  -5.240  -5.922  -5.940  -0.091 
    IL    37    37 5    37     6     1     1   297   608  -2.579  -2.842  -0.760  -4.497  -5.274  -4.934  0.000  0.000  0.000  0.000 
    IR    38    38 6    38     5     1     1   297   608  -2.408  -0.496  -5.920  -4.087  -5.193          0.000  0.000  0.000  0.000 
                                             [ MATP    8 ]     11     97 c g - -
    MP    39    38 6    43     4     2     2   297   608 -13.375 -13.582  -0.031  -5.565                 -1.734 -0.103 -5.583  0.484 -2.585 -4.113  2.640 -5.935 -0.952  2.214 -2.892 -1.772 -0.277 -4.089 -2.067 -2.587 
    ML    40    38 6    43     4     1     1   295   606  -4.340  -4.523  -0.318  -3.252                 -0.185 -1.118  0.978 -0.534 
    MR    41    38 6    43     4     1     1   270   581  -7.234  -6.263  -4.131  -0.115                  0.377 -1.035 -1.304  0.854 
     D    42    38 6    43     4     0     0   270   581  -6.198  -5.879  -3.895  -0.149                 
    IL    43    43 5    43     4     1     1   296   607  -1.686  -2.369  -1.117  -4.855                  0.000  0.000  0.000  0.000 
    IR    44    44 6    44     3     1     1   295   606  -1.442  -0.798  -4.142                          0.000  0.000  0.000  0.000 
                                             [ MATL    9 ]     12      - c - - -
    ML    45    44 6    47     3     1     1   295   606 -14.257  -0.062  -4.575                         -0.474  0.766 -0.637 -0.095 
     D    46    44 6    47     3     0     0   262   573 -10.917  -3.026  -0.190                         
    IL    47    47 3    47     3     1     1   295   606  -1.442  -0.798  -4.142                          0.000  0.000  0.000  0.000 
                                             [ MATL   10 ]     13      - u - - -
    ML    48    47 3    50     3     1     1   295   606 -14.201  -0.021  -6.123                         -0.213 -0.331  0.063  0.376 
     D    49    47 3    50     3     0     0   232   543 -11.932  -7.445  -0.009                         
    IL    50    50 3    50     3     1     1   294   605  -1.442  -0.798  -4.142                          0.000  0.000  0.000  0.000 
                                             [ MATL   11 ]     14      - u - - -
    ML    51    50 3    53     3     1     1   294   605 -14.181  -0.147  -3.371                         -0.082  0.127 -1.614  0.711 
     D    52    50 3    53     3     0     0   228   539 -12.175  -7.688  -0.007                         
    IL    53    53 3    53     3     1     1   295   606  -1.442  -0.798  -4.142                          0.000  0.000  0.000  0.000 
                                             [ MATL   12 ]     15      - g - - -
    ML    54    53 3    56     3     1     1   295   606 -14.034  -0.475  -1.834                         -0.700 -0.825  0.738  0.204 
     D    55    53 3    56     3     0     0   223   534 -13.201  -8.714  -0.004                         
    IL    56    56 3    56     3     1     1   299   610  -1.442  -0.798  -4.142                          0.000  0.000  0.000  0.000 
                                             [ MATL   13 ]     16      - C - - -
    ML    57    56 3    59     3     1     1   299   610 -13.560  -0.009  -7.429                         -1.555  1.040 -0.328 -0.309 
     D    58    56 3    59     3     0     0   218   529 -14.425  -9.938  -0.002                         
    IL    59    59 3    59     3     1     1   298   609  -1.442  -0.798  -4.142                          0.000  0.000  0.000  0.000 
                                             [ MATL   14 ]     17      - g - - -
    ML    60    59 3    62     3     1     1   298   609 -13.551  -0.019  -6.294                         -1.743  0.547  0.760 -0.870 
     D    61    59 3    62     3     0     0   216   527 -14.437  -9.950  -0.002                         
    IL    62    62 3    62     3     1     1   298   609  -1.442  -0.798  -4.142                          0.000  0.000  0.000  0.000 
                                             [ MATL   15 ]     18      - g - - -
    ML    63    62 3    65     3     1     1   298   609 -13.533  -0.016  -6.557                         -0.264 -0.654  0.872 -0.511 
     D    64    62 3    65     3     0     0   214   525 -14.463  -9.976  -0.001                         
    IL    65    65 3    65     3     1     1   297   608  -1.442  -0.798  -4.142                          0.000  0.000  0.000  0.000 
                                             [ MATL   16 ]     19      - G - - -
    ML    66    65 3    68     3     1     1   297   608 -13.518  -0.000 -12.172                         -0.962 -0.871  1.030 -0.155 
     D    67    65 3    68     3     0     0   211   522 -14.484  -9.997  -0.001                         
    IL    68    68 3    68     3     1     1   296   607  -1.442  -0.798  -4.142                          0.000  0.000  0.000  0.000 
                                             [ MATL   17 ]     20      - g - - -
    ML    69    68 3    71     3     1     1   296   607 -13.518  -0.000 -12.172                         -0.088 -0.287  0.567 -0.400 
     D    70    68 3    71     3     0     0   209   520 -14.484  -9.997  -0.001                         
    IL    71    71 3    71     3     1     1   295   606  -1.442  -0.798  -4.142                          0.000  0.000  0.000  0.000 
                                             [ MATL   18 ]     21      - c - - -
    ML    72    71 3    74     3     1     1   295   606 -13.518  -0.000 -12.172                         -0.039  0.278 -0.342  0.035 
     D    73    71 3    74     3     0     0   206   517 -14.484  -9.997  -0.001                         
    IL    74    74 3    74     3     1     1   294   605  -1.442  -0.798  -4.142                          0.000  0.000  0.000  0.000 
                                             [ MATL   19 ]     22      - c - - -
    ML    75    74 3    77     3     1     1   294   605 -13.518  -0.013  -6.765                         -0.695  0.699  0.036 -0.446 
     D    76    74 3    77     3     0     0   202   513 -14.484  -9.997  -0.001                         
    IL    77    77 3    77     3     1     1   293   604  -1.442  -0.798  -4.142                          0.000  0.000  0.000  0.000 
                                             [ MATL   20 ]     23      - g - - -
    ML    78    77 3    80     3     1     1   293   604 -13.505  -0.008  -7.458                         -0.752  0.339  0.572 -0.610 
     D    79    77 3    80     3     0     0   198   509 -14.501 -10.014  -0.001                         
    IL    80    80 3    80     3     1     1   292   603  -1.442  -0.798  -4.142                          0.000  0.000  0.000  0.000 
                                             [ MATL   21 ]     24      - g - - -
    ML    81    80 3    83     3     1     1   292   603 -13.497  -0.023  -6.006                         -0.642 -0.943  0.968 -0.180 
     D    82    80 3    83     3     0     0   193   504 -14.512 -10.025  -0.001                         
    IL    83    83 3    83     3     1     1   291   602  -1.442  -0.798  -4.142                          0.000  0.000  0.000  0.000 
                                             [ MATL   22 ]     25      - u - - -
    ML    84    83 3    86     3     1     1   291   602 -13.475  -0.015  -6.619                         -0.268 -0.490  0.282  0.313 
     D    85    83 3    86     3     0     0   186   497 -14.541 -10.054  -0.001                         
    IL    86    86 3    86     3     1     1   290   602  -1.442  -0.798  -4.142                          0.000  0.000  0.000  0.000 
                                             [ MATL   23 ]     26      - g - - -
    ML    87    86 3    89     3     1     1   290   601 -13.460  -0.106  -3.825                         -0.625  0.256  0.562 -0.556 
     D    88    86 3    89     3     0     0   174   485 -14.559 -10.072  -0.001                         
    IL    89    89 3    89     3     1     1   291   602  -1.442  -0.798  -4.142                          0.000  0.000  0.000  0.000 
                                             [ MATL   24 ]     27      - u - - -
    ML    90    89 3    92     3     1     1   291   602  -0.072  -4.374 -12.009                         -0.218 -0.323  0.104  0.340 
     D    91    89 3    92     3     0     0   119   430 -14.680  -0.658  -1.449                         
    IL    92    92 3    92     3     1     1   291   602  -0.085  -4.121 -14.807                          0.000  0.000  0.000  0.000 
                                             [ MATL   25 ]     68      - a - - -
    ML    93    92 3    95     3     1     1    50    88 -14.321  -0.106  -3.824                          0.878 -0.985 -0.064 -0.513 
     D    94    92 3    95     3     0     0    46    85 -11.972  -1.590  -0.583                         
    IL    95    95 3    95     3     1     1    50    89  -1.925  -0.554  -4.164                          0.000  0.000  0.000  0.000 
                                             [ MATR   26 ]      -     96 - g - -
    MR    96    95 3    98     5     1     1    49    88  -1.520  -0.625 -12.778  -8.452 -13.882          0.335 -1.189  0.656 -0.466 
     D    97    95 3    98     5     0     0    33    72 -11.342  -0.230  -5.219  -3.856  -4.295         
    IR    98    98 3    98     5     1     1    50    89  -0.683  -1.441  -8.883  -7.276 -12.457          0.000  0.000  0.000  0.000 
                                             [ MATP   27 ]     69     87 g c - -
    MP    99    98 3   103     6     2     2    27    43 -14.144 -14.083  -0.015  -6.639 -13.140 -13.535 -0.015 -1.063  0.772  0.789 -2.127 -4.180  0.454 -3.609 -2.668  2.388 -2.967  0.084 -0.807 -5.692  0.011  0.240 
    ML   100    98 3   103     6     1     1    26    41  -8.125  -8.471  -0.741  -1.416  -8.321  -5.850  0.299 -0.779 -0.304  0.461 
    MR   101    98 3   103     6     1     1    26    41 -10.059  -8.788  -1.978  -8.766  -0.449  -6.979  1.655 -2.902 -0.865 -2.568 
     D   102    98 3   103     6     0     0    24    40 -11.600 -10.299  -2.135  -6.778  -6.795  -0.409 
    IL   103   103 5   103     6     1     1    27    43  -2.579  -2.842  -0.760  -4.497  -5.274  -4.934  0.000  0.000  0.000  0.000 
    IR   104   104 6   104     5     1     1    27    42  -2.408  -0.496  -5.920  -4.087  -5.193          0.000  0.000  0.000  0.000 
                                             [ MATP   28 ]     70     86 G C - -
    MP   105   104 6   109     6     2     2    25    41 -14.146 -14.085  -0.032 -12.862 -13.141  -5.542 -2.381 -2.863 -1.522  0.174 -7.639 -4.111 -0.001 -2.346 -3.119  3.225 -7.855  0.526  0.718 -7.184 -2.799 -2.119 
    ML   106   104 6   109     6     1     1    23    39  -8.881  -9.228  -2.276  -0.363  -9.077  -6.607 -0.602  0.231 -0.668  0.621 
    MR   107   104 6   109     6     1     1    24    40  -9.709  -8.438  -0.385  -8.416  -2.203  -6.630  0.380 -2.314  1.141 -1.776 
     D   108   104 6   109     6     0     0    22    37 -11.255  -9.953  -2.496  -6.432  -6.450  -0.325 
    IL   109   109 5   109     6     1     1    25    41  -2.579  -2.842  -0.760  -4.497  -5.274  -4.934  0.000  0.000  0.000  0.000 
    IR   110   110 6   110     5     1     1    25    40  -2.408  -0.496  -5.920  -4.087  -5.193          0.000  0.000  0.000  0.000 
                                             [ MATP   29 ]     71     85 g c - -
    MP   111   110 6   115     6     2     2    23    39 -14.138 -14.077  -0.006  -9.375 -13.133  -8.516 -5.453 -1.936 -5.646  1.506 -3.273 -0.835  1.216 -4.042 -3.987  2.715 -4.441 -1.936  1.155 -5.784 -1.007 -2.958 
    ML   112   110 6   115     6     1     1    22    37  -8.661  -9.008  -1.136  -0.925  -8.857  -6.387 -2.167 -2.048 -2.928  1.767 
    MR   113   110 6   115     6     1     1    22    38  -7.890  -6.619  -0.647  -6.597  -1.731  -4.811 -0.527 -0.721 -1.185  1.176 
     D   114   110 6   115     6     0     0    18    33 -13.029 -11.727  -7.524  -8.206  -8.224  -0.018 
    IL   115   115 5   115     6     1     1    23    39  -2.579  -2.842  -0.760  -4.497  -5.274  -4.934  0.000  0.000  0.000  0.000 
    IR   116   116 6   116     5     1     1    23    38  -2.408  -0.496  -5.920  -4.087  -5.193          0.000  0.000  0.000  0.000 
                                             [ MATP   30 ]     72     84 g c - -
    MP   117   116 6   121     6     2     2    21    37 -14.142 -14.081  -0.021 -12.858 -13.137  -6.182 -3.903 -2.107 -0.891  0.874 -5.577 -3.623  1.860 -3.138 -5.650  2.697 -2.655  0.014 -0.105 -3.552 -1.011 -1.751 
    ML   118   116 6   121     6     1     1    20    36  -8.213  -8.559  -1.965  -0.477  -8.409  -5.939 -0.161 -0.920 -1.329  1.124 
    MR   119   116 6   121     6     1     1    20    36  -6.988  -5.717  -1.625  -5.695  -0.829  -3.908  0.368 -0.385 -0.191  0.094 
     D   120   116 6   121     6     0     0    16    32 -13.157 -11.855  -7.652  -8.334  -8.352  -0.017 
    IL   121   121 5   121     6     1     1    21    37  -2.579  -2.842  -0.760  -4.497  -5.274  -4.934  0.000  0.000  0.000  0.000 
    IR   122   122 6   122     5     1     1    21    36  -2.408  -0.496  -5.920  -4.087  -5.193          0.000  0.000  0.000  0.000 
                                             [ MATP   31 ]     73     83 C G - -
    MP   123   122 6   127     4     2     2    19    35 -13.327  -2.019  -0.480  -4.786                 -5.343 -3.858 -2.556 -1.431 -1.635 -1.335  3.018 -3.115 -2.534  0.203 -0.847 -1.115  0.166 -1.285  1.316 -3.916 
    ML   124   122 6   127     4     1     1    19    35  -5.200  -5.382  -0.167  -4.111                 -1.247 -1.286 -1.967  1.542 
    MR   125   122 6   127     4     1     1    19    35  -4.809  -3.838  -1.706  -0.766                  0.368 -0.385 -0.191  0.094 
     D   126   122 6   127     4     0     0    15    32  -9.110  -8.791  -6.807  -0.019                 
    IL   127   127 5   127     4     1     1    21    37  -1.686  -2.369  -1.117  -4.855                  0.000  0.000  0.000  0.000 
    IR   128   128 6   128     3     1     1    18    34  -1.823  -0.481 -10.109                          0.000  0.000  0.000  0.000 
                                             [ MATL   32 ]     74      - g - - -
    ML   129   128 6   131     3     1     1    13    32 -14.193  -0.006  -8.046                         -0.613 -1.274  0.571  0.534 
     D   130   128 6   131     3     0     0    13    31 -12.042  -1.042  -0.960                         
    IL   131   131 3   131     3     1     1    21    39  -1.442  -0.798  -4.142                          0.000  0.000  0.000  0.000 
                                             [ MATL   33 ]     75      - G - - -
    ML   132   131 3   134     3     1     1    12    30 -14.245  -0.000 -12.899                         -1.775 -1.600  1.024  0.427 
     D   133   131 3   134     3     0     0    12    31 -11.213  -6.726  -0.014                         
    IL   134   134 3   134     3     1     1    20    38  -1.442  -0.798  -4.142                          0.000  0.000  0.000  0.000 
                                             [ MATL   34 ]     76      - C - - -
    ML   135   134 3   137     3     1     1    10    29 -14.245  -0.000 -12.899                         -2.700  1.308 -1.950  0.152 
     D   136   134 3   137     3     0     0    11    30 -11.213  -1.361  -0.712                         
    IL   137   137 3   137     3     1     1    19    37  -1.442  -0.798  -4.142                          0.000  0.000  0.000  0.000 
                                             [ MATL   35 ]     77      - u - - -
    ML   138   137 3   140     3     1     1     9    27 -14.270  -0.005  -8.137                         -1.342  0.785 -3.337  0.835 
     D   139   137 3   140     3     0     0    10    29 -10.524  -3.924  -0.099                         
    IL   140   140 3   140     3     1     1    18    36  -1.442  -0.798  -4.142                          0.000  0.000  0.000  0.000 
                                             [ MATL   36 ]     78      - C - - -
    ML   141   140 3   143     2     1     1     1     1       *   0.000                                 -2.240  1.491 -1.648 -0.603 
     D   142   140 3   143     2     0     0     0     0       *   0.000                                 
    IL   143   143 3   143     2     1     1    13    28  -1.823  -0.479                                  0.000  0.000  0.000  0.000 
                                             [ END    37 ]      -      - - - - -
     E   144   143 3    -1     0     0     0     0     0                                                 
//
HMMER3/f [i1.1 | October 2013]
NAME  pK-turn
DESC  RNase P RNA pseudoknot kink turn
LENG  47
MAXL  311
ALPH  RNA
RF    no
MM    no
CONS  yes
CS    yes
MAP   yes
DATE  Fri May 30 14:59:29 2014
COM   [1] /share/data/bin/cmbuild -F /share/data/people/ppg15/motifs/pK-turn/CM /share/data/people/ppg15/motifs/pK-turn/SEED
NSEQ  306
EFFN  306.000000
CKSUM 3128864728
STATS LOCAL MSV       -9.5476  0.78829
STATS LOCAL VITERBI  -10.7501  0.78829
STATS LOCAL FORWARD   -1.7768  0.78829
HMM          A        C        G        U   
            m->m     m->i     m->d     i->m     i->i     d->m     d->d
  COMPO   1.64763  1.26903  1.17432  1.52619
          1.38629  1.38629  1.38629  1.38629
          0.04857  7.97679  3.05618  1.46634  0.26236  0.00000        *
      1   0.08548  4.75864  2.96906  3.81658      1 A - - :
          1.38629  1.38629  1.38629  1.38629
          0.04148  7.92894  3.21213  1.46634  0.26236  0.61313  0.78013
      2   2.86157  3.00428  0.22123  2.38909      2 G - - :
          1.38629  1.38629  1.38629  1.38629
          0.01384  7.94184  4.31338  1.46634  0.26236  0.01146  4.47483
      3   1.90407  3.33819  0.22414  4.11442      3 G - - <
          1.38629  1.38629  1.38629  1.38629
          0.00066  8.02137  8.02137  1.46634  0.26236  0.85376  0.55479
      4   1.68471  2.01647  0.46843  2.89329      4 G - - <
          1.38629  1.38629  1.38629  1.38629
          0.00465  8.02657  5.44557  1.46634  0.26236  0.08789  2.47526
      5   0.70585  2.86709  1.04068  2.34098      5 a - - <
          1.38629  1.38629  1.38629  1.38629
          0.05752  2.89016  8.02936  0.69725  0.68906  2.72198  0.06801
      6   1.32409  1.03355  1.78776  1.55647      8 c - - <
          1.38629  1.38629  1.38629  1.38629
          0.02082  4.44510  4.72476  0.05462  2.93457  2.72198  0.06801
      7   1.32519  1.54085  0.82975  2.47824     10 g - - <
          1.38629  1.38629  1.38629  1.38629
          0.00199  8.02078  6.39988  1.46634  0.26236  3.72444  0.02442
      8   1.79716  0.90577  1.05192  2.51658     11 c - - <
          1.38629  1.38629  1.38629  1.38629
          0.02169  8.01945  3.85709  1.46634  0.26236  3.81784  0.02222
      9   1.71450  0.85530  1.82801  1.45219     12 c - - -
          1.38629  1.38629  1.38629  1.38629
          0.04339  7.99843  3.16720  1.46634  0.26236  2.10785  0.12954
     10   1.53361  1.61601  1.34236  1.12600     13 u - - -
          1.38629  1.38629  1.38629  1.38629
          0.01500  7.96002  4.23066  1.46634  0.26236  5.39763  0.00454
     11   1.44299  1.29857  2.50489  0.89361     14 u - - -
          1.38629  1.38629  1.38629  1.38629
          0.10215  7.94572  2.33557  1.46634  0.26236  5.56657  0.00383
     12   1.87145  1.95825  0.87478  1.24466     15 g - - -
          1.38629  1.38629  1.38629  1.38629
          0.32967  7.84435  1.27136  1.46634  0.26236  6.27987  0.00188
     13   2.46394  0.66565  1.61337  1.60076     16 C - - -
          1.38629  1.38629  1.38629  1.38629
          0.00670  7.51577  5.09479  1.46634  0.26236  7.12948  0.00080
     14   2.59477  1.00689  0.85981  1.98965     17 g - - -
          1.38629  1.38629  1.38629  1.38629
          0.01370  7.51017  4.33829  1.46634  0.26236  7.13766  0.00079
     15   1.56904  1.83951  0.78207  1.74067     18 g - - -
          1.38629  1.38629  1.38629  1.38629
          0.01156  7.49758  4.51510  1.46634  0.26236  7.15566  0.00078
     16   2.05334  1.98995  0.67252  1.49356     19 G - - -
          1.38629  1.38629  1.38629  1.38629
          0.00112  7.48713  7.48713  1.46634  0.26236  7.17018  0.00077
     17   1.44717  1.58519  0.99335  1.66325     20 g - - -
          1.38629  1.38629  1.38629  1.38629
          0.00112  7.48713  7.48713  1.46634  0.26236  7.17018  0.00077
     18   1.41322  1.19356  1.62303  1.36179     21 c - - -
          1.38629  1.38629  1.38629  1.38629
          0.00112  7.48713  7.48713  1.46634  0.26236  7.17018  0.00077
     19   1.86798  0.90198  1.36148  1.69545     22 c - - -
          1.38629  1.38629  1.38629  1.38629
          0.01013  7.48713  4.65406  1.46634  0.26236  7.17018  0.00077
     20   1.90730  1.15136  0.99004  1.80940     23 g - - -
          1.38629  1.38629  1.38629  1.38629
          0.00661  7.47813  5.11226  1.46634  0.26236  7.18241  0.00076
     21   1.83140  2.04014  0.71516  1.51101     24 g - - -
          1.38629  1.38629  1.38629  1.38629
          0.01658  7.47266  4.14285  1.46634  0.26236  7.18971  0.00075
     22   1.57237  1.72561  1.19107  1.16961     25 u - - -
          1.38629  1.38629  1.38629  1.38629
          0.01115  7.45723  4.55541  1.46634  0.26236  7.20983  0.00074
     23   1.81929  1.20865  0.99653  1.77136     26 g - - -
          1.38629  1.38629  1.38629  1.38629
          0.07403  7.44725  2.64821  1.46634  0.26236  7.22247  0.00073
     24   1.53739  1.60985  1.31418  1.15060     27 u - - -
          1.38629  1.38629  1.38629  1.38629
          3.00967  0.05123  7.37447  2.86180  0.05886  0.45586  1.00485
     25   0.77770  2.06901  1.43091  1.74219     68 a - - -
          1.38629  1.38629  1.38629  1.38629
          0.02329  7.83930  3.78861  1.46634  0.26236  0.05877  2.86342
     26   1.18249  2.21876  0.89183  1.74388     69 g - - <
          1.38629  1.38629  1.38629  1.38629
          0.00067  8.00516  8.00516  1.46634  0.26236  1.38194  0.28914
     27   2.17574  2.50882  0.39268  2.04124     70 G - - <
          1.38629  1.38629  1.38629  1.38629
          0.02240  8.01223  3.82483  1.46634  0.26236  0.45545  1.00557
     28   1.63397  1.66524  0.84530  1.68055     71 g - - <
          1.38629  1.38629  1.38629  1.38629
          0.00334  8.00453  5.80941  1.46634  0.26236  2.43294  0.09187
     29   1.78776  1.42847  0.74025  2.15421     72 g - - <
          1.38629  1.38629  1.38629  1.38629
          0.01461  8.00419  4.25676  1.46634  0.26236  4.51674  0.01098
     30   3.21895  0.58692  1.92474  1.35459     73 C - - <
          1.38629  1.38629  1.38629  1.38629
          0.03708  7.99026  3.32243  1.46634  0.26236  4.88997  0.00755
     31   1.81132  2.26969  0.99084  1.01624     74 g - - _
          1.38629  1.38629  1.38629  1.38629
          0.00436  7.95388  5.52279  1.46634  0.26236  0.71980  0.66719
     32   2.61639  2.49546  0.67650  1.09040     75 G - - _
          1.38629  1.38629  1.38629  1.38629
          0.00068  7.99000  7.99000  1.46634  0.26236  4.89570  0.00751
     33   3.25756  0.47944  2.73814  1.28122     76 C - - _
          1.38629  1.38629  1.38629  1.38629
          0.00068  7.99000  7.99000  1.46634  0.26236  0.94068  0.49489
     34   2.31616  0.84221  3.69923  0.80778     77 u - - _
          1.38629  1.38629  1.38629  1.38629
          0.00410  8.00720  5.58496  1.46634  0.26236  2.75767  0.06554
     35   2.93868  0.35276  2.52887  1.80443     78 C - - _
          1.38629  1.38629  1.38629  1.38629
          0.33591  1.42080  3.12823  0.33204  1.26393  0.22306  1.60975
     36   2.27486  2.06550  0.34693  2.75545     83 G - - >
          1.38629  1.38629  1.38629  1.38629
          0.00209  7.98483  6.34864  1.46634  0.26236  1.25609  0.33515
     37   2.73085  0.84408  1.19907  1.59254     84 c - - >
          1.38629  1.38629  1.38629  1.38629
          0.00539  7.99744  5.28955  1.46634  0.26236  2.14157  0.12496
     38   1.88959  0.77274  1.71404  1.57512     85 c - - >
          1.38629  1.38629  1.38629  1.38629
          0.00407  7.99681  5.59244  1.46634  0.26236  0.54477  0.86745
     39   2.07677  0.52946  2.30043  1.68455     86 C - - >
          1.38629  1.38629  1.38629  1.38629
          0.00545  8.01508  5.27738  1.46634  0.26236  0.63999  0.74929
     40   2.00364  1.03481  1.34389  1.39017     87 c - - >
          1.38629  1.38629  1.38629  1.38629
          0.60809  1.23858  1.79688  0.98645  0.46664  3.76648  0.02341
     41   1.15400  2.21050  0.93146  1.70924     96 g - - -
          1.38629  1.38629  1.38629  1.38629
          0.00745  7.83929  4.95766  1.46634  0.26236  0.00367  5.61058
     42   2.16101  1.04089  0.88876  2.11622     97 g - - >
          1.38629  1.38629  1.38629  1.38629
          0.00065  8.02785  8.02785  1.46634  0.26236  2.98786  0.05171
     43   2.55277  1.13442  1.51284  0.96695     98 u - - >
          1.38629  1.38629  1.38629  1.38629
          0.00065  8.02785  8.02785  1.46634  0.26236  2.98786  0.05171
     44   1.91314  1.85058  0.92772  1.20470     99 g - - >
          1.38629  1.38629  1.38629  1.38629
          0.06967  2.70352  8.02785  0.98030  0.47032  1.25925  0.33389
     45   2.50831  1.13296  2.68899  0.63759    103 U - - >
          1.38629  1.38629  1.38629  1.38629
          0.00065  8.02936  8.02936  1.46634  0.26236  0.14098  2.02883
     46   2.87530  0.49025  1.88401  1.71954    104 C - - >
          1.38629  1.38629  1.38629  1.38629
          0.01931  3.97375  8.03196  0.03421  3.39233  1.09861  0.40547
     47   4.23728  0.26893  3.61524  1.63762    106 C - - >
          1.38629  1.38629  1.38629  1.38629
          0.00073  7.22389        *  1.46634  0.26236  0.00000        *
//
