INFERNAL1/a [1.1rc1 | June 2012]
NAME     k-turn-2
DESC     Kink turn, 5' bulge
STATES   160
NODES    36
CLEN     52
W        352
ALPH     RNA
RF       no
CONS     yes
MAP      yes
DATE     Thu Sep 20 14:39:13 2012
COM      [1] /share/data/bin/cmbuild -F /share/data/people/ppg15/motifs/k-turn-2/CM /share/data/people/ppg15/motifs/k-turn-2/SEED
COM      [2] /share/data/bin/cmcalibrate --mpi --seed 1 /share/data/people/ppg15/motifs/k-turn-2/CM
PBEGIN   0.05
PEND     0.05
WBETA    1e-07
QDBBETA1 1e-07
QDBBETA2 1e-15
N2OMEGA  1.52588e-05
N3OMEGA  1.52588e-05
ELSELF   -0.08926734
NSEQ     14
EFFN     14.000000
CKSUM    110034249
NULL     0.000  0.000  0.000  0.000 
GA       18.00
EFP7GF   -2.2748 0.75763
ECMLC    0.64733    -4.61812     3.78069     1600000      275657  0.004353
ECMGC    0.51592    -7.85056     3.60059     1600000      147177  0.002718
ECMLI    0.67837    -2.05662     5.44956     1600000      195251  0.006146
ECMGI    0.53737    -5.72523     4.77497     1600000      112866  0.003544
CM
                                             [ ROOT    0 ]      -      - - - - -
     S     0    -1 0     1     4     1     1   352   719  -9.095  -9.302  -0.694  -1.403                 
    IL     1     1 2     1     4     1     4   354   721  -1.686  -2.369  -1.117  -4.855                  0.000  0.000  0.000  0.000 
    IR     2     2 3     2     3     1     3   354   721  -1.442  -0.798  -4.142                          0.000  0.000  0.000  0.000 
                                             [ MATL    1 ]      5      - u - - -
    ML     3     2 3     5     3     1     4   352   720  -9.369  -0.008  -8.023                         -1.486 -2.056  0.653  0.872 
     D     4     2 3     5     3     0     0   347   714 -10.100  -3.218  -0.166                         
    IL     5     5 3     5     3     1     3   353   720  -1.442  -0.798  -4.142                          0.000  0.000  0.000  0.000 
                                             [ MATL    2 ]      6      - G - - -
    ML     6     5 3     8     3     1     3   351   719  -9.773  -0.081  -4.219                         -1.324 -0.951  1.177 -0.283 
     D     7     5 3     8     3     0     0   346   714  -8.764  -1.924  -0.446                         
    IL     8     8 3     8     3     1     3   352   719  -1.925  -0.554  -4.164                          0.000  0.000  0.000  0.000 
                                             [ MATR    3 ]      -     98 - c - -
    MR     9     8 3    11     3     1     6   351   718  -9.854  -0.007  -8.171                          0.001  0.338 -0.403 -0.031 
     D    10     8 3    11     3     0     0   345   712  -9.792  -2.864  -0.215                         
    IR    11    11 3    11     3     1     3   351   718  -1.925  -0.554  -4.164                          0.000  0.000  0.000  0.000 
                                             [ MATR    4 ]      -     97 - G - -
    MR    12    11 3    14     5     1     7   350   717  -8.594  -0.014  -8.410  -8.622  -9.514          0.620 -3.464  1.170 -3.040 
     D    13    11 3    14     5     0     0   344   711  -7.873  -1.812  -5.499  -6.930  -0.555         
    IR    14    14 3    14     5     1     3   349   717  -2.408  -0.496  -5.920  -4.087  -5.193          0.000  0.000  0.000  0.000 
                                             [ MATP    5 ]      7     96 u a - -
    MP    15    14 3    19     6     2     8   349   716 -10.077 -10.016  -0.011  -8.793  -9.073  -9.468 -4.522 -3.924  1.052 -0.310 -4.188 -5.306  0.141 -4.548 -4.563  2.356 -5.012 -1.668  2.553 -4.693 -1.847 -3.436 
    ML    16    14 3    19     6     1     2   346   713  -6.250  -6.596  -1.310  -1.005  -6.446  -3.975  0.368 -0.385 -0.191  0.094 
    MR    17    14 3    19     6     1     2   346   713  -6.988  -5.717  -1.625  -5.695  -0.829  -3.908  0.368 -0.385 -0.191  0.094 
     D    18    14 3    19     6     0     0   341   708 -11.841 -10.539  -1.864  -7.018  -7.035  -0.496 
    IL    19    19 5    19     6     1     2   348   715  -2.579  -2.842  -0.760  -4.497  -5.274  -4.934  0.000  0.000  0.000  0.000 
    IR    20    20 6    20     5     1     3   348   715  -2.408  -0.496  -5.920  -4.087  -5.193          0.000  0.000  0.000  0.000 
                                             [ MATP    6 ]      8     95 c g - -
    MP    21    20 6    25     6     2     6   347   714 -10.154 -10.093  -0.010  -8.870  -9.149  -9.545 -3.741 -3.709 -3.844  1.124 -3.231 -4.675  1.800 -3.771 -3.824  0.092 -4.358  1.285  1.468 -4.006  1.723 -2.777 
    ML    22    20 6    25     6     1     2   345   712  -6.250  -6.596  -1.310  -1.005  -6.446  -3.975  0.368 -0.385 -0.191  0.094 
    MR    23    20 6    25     6     1     1   344   711  -6.988  -5.717  -1.625  -5.695  -0.829  -3.908  0.368 -0.385 -0.191  0.094 
     D    24    20 6    25     6     0     0   338   706 -11.402 -10.100  -5.897  -6.579  -6.596  -0.057 
    IL    25    25 5    25     6     1     2   346   713  -2.579  -2.842  -0.760  -4.497  -5.274  -4.934  0.000  0.000  0.000  0.000 
    IR    26    26 6    26     5     1     3   346   713  -2.408  -0.496  -5.920  -4.087  -5.193          0.000  0.000  0.000  0.000 
                                             [ MATP    7 ]      9     94 C G - -
    MP    27    26 6    31     6     2     4   345   712 -10.154 -10.093  -0.010  -8.870  -9.149  -9.545 -4.578 -4.336 -4.583  1.091 -3.546 -5.395  3.011 -4.185 -4.479  0.740 -4.983 -1.999  1.531 -4.773 -1.060 -3.250 
    ML    28    26 6    31     6     1     2   343   710  -6.250  -6.596  -1.310  -1.005  -6.446  -3.975  0.368 -0.385 -0.191  0.094 
    MR    29    26 6    31     6     1     1   342   709  -6.988  -5.717  -1.625  -5.695  -0.829  -3.908  0.368 -0.385 -0.191  0.094 
     D    30    26 6    31     6     0     0   338   705 -11.402 -10.100  -5.897  -6.579  -6.596  -0.057 
    IL    31    31 5    31     6     1     2   344   711  -2.579  -2.842  -0.760  -4.497  -5.274  -4.934  0.000  0.000  0.000  0.000 
    IR    32    32 6    32     5     1     2   344   711  -2.408  -0.496  -5.920  -4.087  -5.193          0.000  0.000  0.000  0.000 
                                             [ MATP    8 ]     10     93 u a - -
    MP    33    32 6    37     4     2     2   343   710  -8.871  -0.932  -2.364  -1.840                 -4.582 -4.352 -4.587  0.603 -3.541 -5.396  2.435 -4.184 -4.482  0.608 -4.985 -2.019  2.657 -4.778 -1.057 -3.254 
    ML    34    32 6    37     4     1     1   342   709  -3.758  -3.940  -0.507  -2.670                  0.368 -0.385 -0.191  0.094 
    MR    35    32 6    37     4     1     1   340   708  -4.809  -3.838  -1.706  -0.766                  0.368 -0.385 -0.191  0.094 
     D    36    32 6    37     4     0     0   338   705  -6.843  -6.524  -4.540  -0.093                 
    IL    37    37 5    37     4     1     2   343   710  -1.686  -2.369  -1.117  -4.855                  0.000  0.000  0.000  0.000 
    IR    38    38 6    38     3     1     4   342   709  -3.840  -0.121  -6.540                          0.000  0.000  0.000  0.000 
                                             [ MATL    9 ]     11      - c - - -
    ML    39    38 6    41     3     1     3   341   708  -9.359  -0.008  -8.013                         -0.345  0.467  0.092 -0.388 
     D    40    38 6    41     3     0     0   338   705 -10.116  -5.629  -0.031                         
    IL    41    41 3    41     3     1     2   342   709  -1.442  -0.798  -4.142                          0.000  0.000  0.000  0.000 
                                             [ MATL   10 ]     12      - G - - -
    ML    42    41 3    44     3     1     2   340   707  -9.359  -0.008  -8.013                         -0.149 -2.416  1.311 -1.219 
     D    43    41 3    44     3     0     0   337   705 -10.116  -2.966  -0.199                         
    IL    44    44 3    44     3     1     1   341   708  -1.442  -0.798  -4.142                          0.000  0.000  0.000  0.000 
                                             [ MATL   11 ]     13      - A - - -
    ML    45    44 3    47     3     1     1   339   706  -9.782  -0.100  -3.923                          1.237 -2.089 -2.243  0.259 
     D    46    44 3    47     3     0     0   337   704  -8.748  -1.292  -0.763                         
    IL    47    47 3    47     3     1     1   340   707  -1.925  -0.554  -4.164                          0.000  0.000  0.000  0.000 
                                             [ MATR   12 ]      -     91 - u - -
    MR    48    47 3    50     3     1     1   338   706  -9.947  -0.094  -4.004                         -0.315  0.482 -2.219  0.664 
     D    49    47 3    50     3     0     0   336   704  -9.560  -2.376  -0.311                         
    IR    50    50 3    50     3     1     1   339   706  -1.925  -0.554  -4.164                          0.000  0.000  0.000  0.000 
                                             [ MATR   13 ]      -     90 - a - -
    MR    51    50 3    53     5     1     1   337   705  -8.615  -0.013  -8.431  -8.643  -9.534          0.720 -1.637 -0.564  0.438 
     D    52    50 3    53     5     0     0   336   703  -7.820  -0.105  -5.446  -6.877  -4.872         
    IR    53    53 3    53     5     1     1   337   705  -2.408  -0.496  -5.920  -4.087  -5.193          0.000  0.000  0.000  0.000 
                                             [ MATP   14 ]     14     89 g u - -
    MP    54    53 3    58     6     2     2   336   704 -10.314 -10.253  -0.009  -9.030  -9.310  -9.705 -4.376 -4.043 -4.413 -0.254 -3.696 -5.188  1.620 -4.243 -4.387  1.443 -4.872  2.197  1.423 -4.546  0.640 -3.224 
    ML    55    53 3    58     6     1     1   334   702  -6.250  -6.596  -1.310  -1.005  -6.446  -3.975  0.368 -0.385 -0.191  0.094 
    MR    56    53 3    58     6     1     1   334   701  -6.988  -5.717  -1.625  -5.695  -0.829  -3.908  0.368 -0.385 -0.191  0.094 
     D    57    53 3    58     6     0     0   330   698  -9.049  -7.747  -3.544  -4.226  -4.244  -0.319 
    IL    58    58 5    58     6     1     1   335   703  -2.579  -2.842  -0.760  -4.497  -5.274  -4.934  0.000  0.000  0.000  0.000 
    IR    59    59 6    59     5     1     1   335   703  -2.408  -0.496  -5.920  -4.087  -5.193          0.000  0.000  0.000  0.000 
                                             [ MATP   15 ]     15     88 C G - -
    MP    60    59 6    64     6     2     2   334   702 -10.314 -10.253  -0.009  -9.030  -9.310  -9.705 -5.792 -5.290 -5.535 -1.525 -4.455 -0.127  3.012 -5.164 -5.586  2.452 -5.888 -3.078 -0.738 -5.745 -2.066 -4.374 
    ML    61    59 6    64     6     1     1   333   700  -6.250  -6.596  -1.310  -1.005  -6.446  -3.975  0.368 -0.385 -0.191  0.094 
    MR    62    59 6    64     6     1     1   332   699  -6.988  -5.717  -1.625  -5.695  -0.829  -3.908  0.368 -0.385 -0.191  0.094 
     D    63    59 6    64     6     0     0   329   697  -9.049  -7.747  -3.544  -4.226  -4.244  -0.319 
    IL    64    64 5    64     6     1     1   333   701  -2.579  -2.842  -0.760  -4.497  -5.274  -4.934  0.000  0.000  0.000  0.000 
    IR    65    65 6    65     5     1     1   333   701  -2.408  -0.496  -5.920  -4.087  -5.193          0.000  0.000  0.000  0.000 
                                             [ MATP   16 ]     16     87 C G - -
    MP    66    65 6    70     4     2     2   332   700  -9.095  -2.371  -0.322  -7.716                 -5.919 -5.763 -5.647 -1.730 -4.284 -6.132  3.430 -5.065 -5.619  1.477 -5.953 -3.509  0.607 -5.980 -1.880 -4.382 
    ML    67    65 6    70     4     1     1   331   699  -3.758  -3.940  -0.507  -2.670                  0.368 -0.385 -0.191  0.094 
    MR    68    65 6    70     4     1     1   330   697  -4.809  -3.838  -1.706  -0.766                  0.368 -0.385 -0.191  0.094 
     D    69    65 6    70     4     0     0   329   696  -4.568  -4.250  -2.265  -0.520                 
    IL    70    70 5    70     4     1     1   332   699  -1.686  -2.369  -1.117  -4.855                  0.000  0.000  0.000  0.000 
    IR    71    71 6    71     3     1     1   330   697  -2.943  -2.299  -0.585                          0.000  0.000  0.000  0.000 
                                             [ MATL   17 ]     17      - c - - -
    ML    72    71 6    74     3     1     1   331   698  -9.727  -0.006  -8.382                          0.051  0.186 -0.459  0.136 
     D    73    71 6    74     3     0     0   328   695  -9.225  -1.605  -0.579                         
    IL    74    74 3    74     3     1     1   331   698  -1.442  -0.798  -4.142                          0.000  0.000  0.000  0.000 
                                             [ MATL   18 ]     18      - u - - -
    ML    75    74 3    77     3     1     1   330   697  -9.834  -0.006  -8.488                          0.084 -0.964 -0.524  0.793 
     D    76    74 3    77     3     0     0   327   694  -8.729  -4.242  -0.082                         
    IL    77    77 3    77     3     1     1   330   697  -1.442  -0.798  -4.142                          0.000  0.000  0.000  0.000 
                                             [ MATL   19 ]     19      - a - - -
    ML    78    77 3    80     5     1     1   329   696  -8.824  -0.012  -8.639  -8.851  -9.743          0.312 -0.405 -0.272  0.233 
     D    79    77 3    80     5     0     0   327   694  -6.864  -0.175  -6.125  -4.500  -4.413         
    IL    80    80 3    80     5     1     1   328   696  -2.408  -0.496  -4.087  -5.920  -5.193          0.000  0.000  0.000  0.000 
                                             [ MATP   20 ]     20     85 G A - -
    MP    81    80 3    85     6     2     2   328   695 -10.314 -10.253  -0.009  -9.030  -9.310  -9.705 -6.237 -5.158 -6.163 -1.463 -5.768 -7.477 -1.450 -5.864  3.843 -1.769 -6.390 -2.521 -2.277 -7.121 -3.420 -4.868 
    ML    82    80 3    85     6     1     1   325   692  -6.250  -6.596  -1.310  -1.005  -6.446  -3.975  0.368 -0.385 -0.191  0.094 
    MR    83    80 3    85     6     1     1   324   692  -6.988  -5.717  -1.625  -5.695  -0.829  -3.908  0.368 -0.385 -0.191  0.094 
     D    84    80 3    85     6     0     0   319   687  -9.049  -7.747  -3.544  -4.226  -4.244  -0.319 
    IL    85    85 5    85     6     1     1   326   694  -2.579  -2.842  -0.760  -4.497  -5.274  -4.934  0.000  0.000  0.000  0.000 
    IR    86    86 6    86     5     1     1   326   694  -2.408  -0.496  -5.920  -4.087  -5.193          0.000  0.000  0.000  0.000 
                                             [ MATP   21 ]     21     84 A G - -
    MP    87    86 6    91     6     2     2   326   693  -2.159 -10.253  -0.376  -9.030  -9.310  -9.705 -6.330 -5.348  3.841 -1.650 -5.504 -7.238 -1.195 -5.803 -5.968 -1.938 -6.404 -2.744 -2.077 -7.058 -3.171 -4.912 
    ML    88    86 6    91     6     1     1   323   690  -6.250  -6.596  -1.310  -1.005  -6.446  -3.975  0.368 -0.385 -0.191  0.094 
    MR    89    86 6    91     6     1     1   323   690  -6.988  -5.717  -1.625  -5.695  -0.829  -3.908  0.368 -0.385 -0.191  0.094 
     D    90    86 6    91     6     0     0   318   685  -9.049  -7.747  -3.544  -4.226  -4.244  -0.319 
    IL    91    91 5    91     6     1     1   325   692  -2.542  -5.671  -0.332  -7.327  -8.103  -7.763  0.000  0.000  0.000  0.000 
    IR    92    92 6    92     5     1     1   324   691  -2.408  -0.496  -5.920  -4.087  -5.193          0.000  0.000  0.000  0.000 
                                             [ MATP   22 ]     24     83 A G - -
    MP    93    92 6    97     6     2     2   323   691 -10.314 -10.253  -0.009  -9.030  -9.310  -9.705 -5.932  2.270  3.125 -0.921 -7.769 -9.079 -3.298 -6.120 -5.682  0.404 -6.338 -1.901 -3.444 -7.375 -5.171 -4.714 
    ML    94    92 6    97     6     1     1   321   688  -6.250  -6.596  -1.310  -1.005  -6.446  -3.975  0.368 -0.385 -0.191  0.094 
    MR    95    92 6    97     6     1     1   321   688  -6.988  -5.717  -1.625  -5.695  -0.829  -3.908  0.368 -0.385 -0.191  0.094 
     D    96    92 6    97     6     0     0   317   684  -9.049  -7.747  -3.544  -4.226  -4.244  -0.319 
    IL    97    97 5    97     6     1     1   322   690  -2.579  -2.842  -0.760  -4.497  -5.274  -4.934  0.000  0.000  0.000  0.000 
    IR    98    98 6    98     5     1     1   322   690  -2.408  -0.496  -5.920  -4.087  -5.193          0.000  0.000  0.000  0.000 
                                             [ MATP   23 ]     25     82 g u - -
    MP    99    98 6   103     6     2     2   321   689 -10.314 -10.253  -0.070  -9.030  -9.310  -4.554 -5.068 -3.719 -4.985  1.366 -6.218 -5.863 -0.078 -5.488 -5.162  2.541 -5.541  2.558 -1.590 -5.055 -3.344 -3.859 
    ML   100    98 6   103     6     1     1   319   686  -6.250  -6.596  -1.310  -1.005  -6.446  -3.975  0.368 -0.385 -0.191  0.094 
    MR   101    98 6   103     6     1     1   319   686  -6.988  -5.717  -1.625  -5.695  -0.829  -3.908  0.368 -0.385 -0.191  0.094 
     D   102    98 6   103     6     0     0   316   683  -9.049  -7.747  -3.544  -4.226  -4.244  -0.319 
    IL   103   103 5   103     6     1     1   321   688  -2.579  -2.842  -0.760  -4.497  -5.274  -4.934  0.000  0.000  0.000  0.000 
    IR   104   104 6   104     5     1     1   320   688  -2.408  -0.496  -5.920  -4.087  -5.193          0.000  0.000  0.000  0.000 
                                             [ MATP   24 ]     26     81 C G - -
    MP   105   104 6   109     6     2     2   320   687 -10.253 -10.192  -0.010  -8.969  -9.249  -9.644 -5.437 -5.228 -5.280 -1.154 -4.021 -5.891  3.241 -4.753 -5.214  1.459 -5.618 -2.912  1.352 -5.550 -1.576 -3.968 
    ML   106   104 6   109     6     1     1   317   685  -6.250  -6.596  -1.310  -1.005  -6.446  -3.975  0.368 -0.385 -0.191  0.094 
    MR   107   104 6   109     6     1     1   318   685  -6.988  -5.717  -1.625  -5.695  -0.829  -3.908  0.368 -0.385 -0.191  0.094 
     D   108   104 6   109     6     0     0   315   682 -10.437  -9.135  -4.932  -5.614  -5.632  -0.114 
    IL   109   109 5   109     6     1     1   319   686  -2.579  -2.842  -0.760  -4.497  -5.274  -4.934  0.000  0.000  0.000  0.000 
    IR   110   110 6   110     5     1     1   319   686  -2.408  -0.496  -5.920  -4.087  -5.193          0.000  0.000  0.000  0.000 
                                             [ MATP   25 ]     27     80 c g - -
    MP   111   110 6   115     6     2     2   318   685 -10.253 -10.192  -0.010  -8.969  -9.249  -9.644 -5.004 -4.803 -4.948  0.976 -3.839 -5.667  2.981 -4.517 -4.868  0.314 -5.329 -2.509  0.199 -5.176  1.664 -3.652 
    ML   112   110 6   115     6     1     1   315   683  -6.250  -6.596  -1.310  -1.005  -6.446  -3.975  0.368 -0.385 -0.191  0.094 
    MR   113   110 6   115     6     1     1   316   684  -6.988  -5.717  -1.625  -5.695  -0.829  -3.908  0.368 -0.385 -0.191  0.094 
     D   114   110 6   115     6     0     0   315   682 -10.437  -9.135  -4.932  -5.614  -5.632  -0.114 
    IL   115   115 5   115     6     1     1   317   684  -2.579  -2.842  -0.760  -4.497  -5.274  -4.934  0.000  0.000  0.000  0.000 
    IR   116   116 6   116     5     1     1   317   684  -2.408  -0.496  -5.920  -4.087  -5.193          0.000  0.000  0.000  0.000 
                                             [ MATP   26 ]     28     79 G C - -
    MP   117   116 6   121     6     2     2   316   683 -10.253 -10.192  -0.010  -8.969  -9.249  -9.644 -4.453 -3.204 -4.306  0.987 -5.098 -4.929  0.991 -4.882 -4.679  3.035 -4.966  0.509 -0.606 -4.193  0.290 -3.262 
    ML   118   116 6   121     6     1     1   313   681  -6.250  -6.596  -1.310  -1.005  -6.446  -3.975  0.368 -0.385 -0.191  0.094 
    MR   119   116 6   121     6     1     1   315   682  -6.988  -5.717  -1.625  -5.695  -0.829  -3.908  0.368 -0.385 -0.191  0.094 
     D   120   116 6   121     6     0     0   315   682 -10.437  -9.135  -4.932  -5.614  -5.632  -0.114 
    IL   121   121 5   121     6     1     1   315   682  -2.579  -2.842  -0.760  -4.497  -5.274  -4.934  0.000  0.000  0.000  0.000 
    IR   122   122 6   122     5     1     1   315   682  -2.408  -0.496  -5.920  -4.087  -5.193          0.000  0.000  0.000  0.000 
                                             [ MATP   27 ]     29     78 G C - -
    MP   123   122 6   127     6     2     2   314   681 -10.253 -10.192  -0.010  -8.969  -9.249  -9.644 -4.475 -3.241 -4.327  0.389 -5.020 -4.949  0.371 -4.866 -4.690  3.028 -4.980  1.201  0.640 -4.219 -0.220 -3.275 
    ML   124   122 6   127     6     1     1   311   678  -6.250  -6.596  -1.310  -1.005  -6.446  -3.975  0.368 -0.385 -0.191  0.094 
    MR   125   122 6   127     6     1     1   314   682  -6.988  -5.717  -1.625  -5.695  -0.829  -3.908  0.368 -0.385 -0.191  0.094 
     D   126   122 6   127     6     0     0   315   682 -10.437  -9.135  -4.932  -5.614  -5.632  -0.114 
    IL   127   127 5   127     6     1     1   313   680  -2.579  -2.842  -0.760  -4.497  -5.274  -4.934  0.000  0.000  0.000  0.000 
    IR   128   128 6   128     5     1     1   313   680  -2.408  -0.496  -5.920  -4.087  -5.193          0.000  0.000  0.000  0.000 
                                             [ MATP   28 ]     30     77 c g - -
    MP   129   128 6   133     6     2     2   312   679 -10.253 -10.192  -0.074  -8.969  -4.469  -9.644 -0.452 -2.412 -0.359  0.941 -2.464 -3.302  1.446 -2.810  1.112  1.379 -3.096  0.797  0.609 -2.590 -0.694 -1.712 
    ML   130   128 6   133     6     1     1   307   674  -6.250  -6.596  -1.310  -1.005  -6.446  -3.975  0.368 -0.385 -0.191  0.094 
    MR   131   128 6   133     6     1     1   314   682  -6.988  -5.717  -1.625  -5.695  -0.829  -3.908  0.368 -0.385 -0.191  0.094 
     D   132   128 6   133     6     0     0   315   682 -10.437  -9.135  -4.932  -5.614  -5.632  -0.114 
    IL   133   133 5   133     6     1     1   311   678  -2.579  -2.842  -0.760  -4.497  -5.274  -4.934  0.000  0.000  0.000  0.000 
    IR   134   134 6   134     5     1     1   311   678  -2.408  -0.496  -5.920  -4.087  -5.193          0.000  0.000  0.000  0.000 
                                             [ MATP   29 ]     31     76 c g - -
    MP   135   134 6   139     6     2     2   309   677 -10.189 -10.128  -0.010  -8.905  -9.185  -9.580 -4.941 -4.338 -4.933  2.269 -4.267 -5.837  2.790 -4.712 -4.855  1.294 -5.342 -1.926 -0.192 -5.205 -1.808 -3.675 
    ML   136   134 6   139     6     1     1   299   667  -6.250  -6.596  -1.310  -1.005  -6.446  -3.975  0.368 -0.385 -0.191  0.094 
    MR   137   134 6   139     6     1     1   315   683  -8.066  -6.795  -2.704  -6.773  -0.334  -4.987 -0.621 -1.659  1.350 -1.048 
     D   138   134 6   139     6     0     0   316   683 -10.437  -9.135  -4.932  -5.614  -5.632  -0.114 
    IL   139   139 5   139     6     1     1   309   676  -2.579  -2.842  -0.760  -4.497  -5.274  -4.934  0.000  0.000  0.000  0.000 
    IR   140   140 6   140     5     1     1   309   677  -2.408  -0.496  -5.920  -4.087  -5.193          0.000  0.000  0.000  0.000 
                                             [ MATP   30 ]     32     75 c g - -
    MP   141   140 6   145     4     2     2   307   674  -1.490  -9.128  -0.651  -7.542                 -4.408 -4.373 -4.434 -0.625 -0.774 -5.177  2.238 -4.212 -4.407 -0.480 -4.894  1.781  1.109 -4.634  1.719 -3.310 
    ML   142   140 6   145     4     1     1   275   642  -3.758  -3.940  -0.507  -2.670                  0.368 -0.385 -0.191  0.094 
    MR   143   140 6   145     4     1     1   316   683  -0.793  -5.028  -2.895  -1.956                 -0.621 -1.659  1.350 -1.048 
     D   144   140 6   145     4     0     0   316   684  -0.693  -5.578  -3.594  -1.848                 
    IL   145   145 5   145     4     1     1   326   693  -0.072  -9.887  -4.515  -7.918                  0.000  0.000  0.000  0.000 
    IR   146   146 6   146     3     1     1    21    39  -1.442  -0.798  -4.142                          0.000  0.000  0.000  0.000 
                                             [ MATL   31 ]     71      - g - - -
    ML   147   146 6   149     3     1     1    15    33  -9.975  -0.005  -8.629                         -1.474  0.026  0.625  0.111 
     D   148   146 6   149     3     0     0    15    33  -7.449  -0.484  -1.841                         
    IL   149   149 3   149     3     1     1    20    38  -1.442  -0.798  -4.142                          0.000  0.000  0.000  0.000 
                                             [ MATL   32 ]     72      - a - - -
    ML   150   149 3   152     3     1     1    13    32 -10.029  -0.005  -8.683                          0.514 -0.659 -0.834  0.462 
     D   151   149 3   152     3     0     0    15    33  -6.174  -1.687  -0.566                         
    IL   152   152 3   152     3     1     1    19    37  -1.442  -0.798  -4.142                          0.000  0.000  0.000  0.000 
                                             [ MATL   33 ]     73      - g - - -
    ML   153   152 3   155     3     1     1    12    30 -10.029  -0.005  -8.683                          0.165 -0.723  0.581 -0.364 
     D   154   152 3   155     3     0     0    13    32  -6.174  -1.687  -0.566                         
    IL   155   155 3   155     3     1     1    18    36  -1.442  -0.798  -4.142                          0.000  0.000  0.000  0.000 
                                             [ MATL   34 ]     74      - a - - -
    ML   156   155 3   158     2     1     1     1     1       *   0.000                                  0.666 -0.078 -0.202 -0.746 
     D   157   155 3   158     2     0     0     0     0       *   0.000                                 
    IL   158   158 3   158     2     1     1    13    28  -1.823  -0.479                                  0.000  0.000  0.000  0.000 
                                             [ END    35 ]      -      - - - - -
     E   159   158 3    -1     0     0     0     0     0                                                 
//
HMMER3/f [i1.1rc1 | June 2012]
NAME  k-turn-2
DESC  Kink turn, 5' bulge
LENG  52
MAXL  458
ALPH  RNA
RF    no
MM    no
CONS  yes
CS    yes
MAP   yes
DATE  Thu Sep 20 14:39:13 2012
COM   [1] /share/data/bin/cmbuild -F /share/data/people/ppg15/motifs/k-turn-2/CM /share/data/people/ppg15/motifs/k-turn-2/SEED
NSEQ  14
EFFN  14.000000
CKSUM 110034249
STATS LOCAL MSV       -8.7926  0.75763
STATS LOCAL VITERBI   -9.8772  0.75763
STATS LOCAL FORWARD   -2.3412  0.75763
HMM          A        C        G        U   
            m->m     m->i     m->d     i->m     i->i     d->m     d->d
  COMPO   1.48661  1.46372  1.11989  1.53168
          1.38629  1.38629  1.38629  1.38629
          0.25380  1.54196  4.58633  1.38872  0.28688  0.00000        *
      1   2.41610  2.81161  0.93349  0.78210      5 u - - :
          1.38629  1.38629  1.38629  1.38629
          0.01946  4.64213  4.64213  1.46634  0.26236  1.09861  0.40547
      2   2.30417  2.04516  0.57044  1.58219      6 G - - :
          1.38629  1.38629  1.38629  1.38629
          0.01849  4.69310  4.69310  1.46634  0.26236  1.09861  0.40547
      3   1.67069  2.55498  1.06977  0.93879      7 u - - <
          1.38629  1.38629  1.38629  1.38629
          0.01554  4.86531  4.86531  1.46634  0.26236  1.09861  0.40547
      4   1.88755  1.46538  1.48596  0.93833      8 u - - <
          1.38629  1.38629  1.38629  1.38629
          0.01443  4.93887  4.93887  1.46634  0.26236  1.09861  0.40547
      5   1.94576  0.66999  2.07508  1.51477      9 C - - <
          1.38629  1.38629  1.38629  1.38629
          0.01443  4.93887  4.93887  1.46634  0.26236  1.09861  0.40547
      6   2.25481  1.05840  2.15208  0.83966     10 u - - <
          1.38629  1.38629  1.38629  1.38629
          0.32321  4.93887  1.31298  1.46634  0.26236  1.09861  0.40547
      7   1.62516  1.06271  1.32240  1.65494     11 c - - -
          1.38629  1.38629  1.38629  1.38629
          0.01960  4.63526  4.63526  1.46634  0.26236  3.67777  0.02560
      8   1.48972  3.06098  0.47755  2.23101     12 G - - -
          1.38629  1.38629  1.38629  1.38629
          0.01960  4.63526  4.63526  1.46634  0.26236  3.67777  0.02560
      9   0.52878  2.83404  2.94104  1.20701     13 A - - -
          1.38629  1.38629  1.38629  1.38629
          0.01837  4.69912  4.69912  1.46634  0.26236  0.05188  2.98463
     10   2.74631  1.60021  0.77721  1.29356     14 g - - <
          1.38629  1.38629  1.38629  1.38629
          0.01242  5.08760  5.08760  1.46634  0.26236  1.09861  0.40547
     11   3.58677  0.57356  1.04733  2.84861     15 C - - <
          1.38629  1.38629  1.38629  1.38629
          0.01242  5.08760  5.08760  1.46634  0.26236  1.09861  0.40547
     12   3.72959  0.39012  1.70391  2.14514     16 C - - <
          1.38629  1.38629  1.38629  1.38629
          0.21928  5.08760  1.65690  1.46634  0.26236  1.09861  0.40547
     13   1.35086  1.25752  1.70423  1.29203     17 c - - -
          1.38629  1.38629  1.38629  1.38629
          0.01526  4.88357  4.88357  1.46634  0.26236  1.10451  0.40253
     14   1.32808  2.05460  1.74961  0.83695     18 u - - -
          1.38629  1.38629  1.38629  1.38629
          0.01418  4.95585  4.95585  1.46634  0.26236  3.13535  0.04446
     15   1.17006  1.66696  1.57461  1.22505     19 a - - -
          1.38629  1.38629  1.38629  1.38629
          0.01418  4.95585  4.95585  1.46634  0.26236  0.09099  2.44220
     16   3.60019  3.64537  0.07877  3.80249     20 G - - <
          1.38629  1.38629  1.38629  1.38629
          0.01242  5.08760  5.08760  1.46634  0.26236  1.09861  0.40547
     17   0.08832  3.47630  3.56740  3.67388     21 A - - <
          1.38629  1.38629  1.38629  1.38629
          0.36473  1.20584  5.08760  0.22105  1.61786  1.09861  0.40547
     18   0.13113  4.72879  2.28112  4.43220     24 A - - <
          1.38629  1.38629  1.38629  1.38629
          0.01242  5.08760  5.08760  1.46634  0.26236  1.09861  0.40547
     19   1.76867  2.76061  0.31233  3.36824     25 G - - <
          1.38629  1.38629  1.38629  1.38629
          0.06907  5.08760  2.80405  1.46634  0.26236  1.09861  0.40547
     20   3.36780  0.51753  1.69678  1.68057     26 C - - <
          1.38629  1.38629  1.38629  1.38629
          0.01314  5.03167  5.03167  1.46634  0.26236  2.46907  0.08846
     21   2.03753  0.69308  2.37386  1.28555     27 C - - <
          1.38629  1.38629  1.38629  1.38629
          0.01314  5.03167  5.03167  1.46634  0.26236  2.46907  0.08846
     22   1.98185  2.03564  0.50529  2.05371     28 G - - <
          1.38629  1.38629  1.38629  1.38629
          0.01314  5.03167  5.03167  1.46634  0.26236  2.46907  0.08846
     23   2.34537  2.43534  0.42298  1.82308     29 G - - <
          1.38629  1.38629  1.38629  1.38629
          0.01314  5.03167  5.03167  1.46634  0.26236  2.46907  0.08846
     24   1.48399  1.62543  0.88579  1.80755     30 g - - <
          1.38629  1.38629  1.38629  1.38629
          0.07368  5.03167  2.74099  1.46634  0.26236  2.46907  0.08846
     25   1.17604  0.82690  1.75028  2.52107     31 c - - <
          1.38629  1.38629  1.38629  1.38629
          0.01396  4.97194  4.97194  1.46634  0.26236  0.10165  2.33665
     26   2.97123  1.09195  1.33049  1.05311     32 u - - <
          1.38629  1.38629  1.38629  1.38629
          0.40519  1.11786  5.08760  3.31444  0.03703  1.09861  0.40547
     27   2.40828  1.36827  0.95314  1.30951     71 g - - _
          1.38629  1.38629  1.38629  1.38629
          0.01242  5.08760  5.08760  1.46634  0.26236  1.09861  0.40547
     28   1.03031  1.84289  1.96418  1.06573     72 a - - _
          1.38629  1.38629  1.38629  1.38629
          0.01242  5.08760  5.08760  1.46634  0.26236  1.09861  0.40547
     29   1.27226  1.88732  0.98343  1.63836     73 g - - _
          1.38629  1.38629  1.38629  1.38629
          0.01242  5.08760  5.08760  1.46634  0.26236  1.09861  0.40547
     30   0.92440  1.44069  1.52618  1.90313     74 a - - _
          1.38629  1.38629  1.38629  1.38629
          0.06907  5.08760  2.80405  1.46634  0.26236  1.09861  0.40547
     31   1.73366  2.93344  0.67099  1.35112     75 G - - >
          1.38629  1.38629  1.38629  1.38629
          0.01314  5.03167  5.03167  1.46634  0.26236  2.46907  0.08846
     32   2.70125  1.86302  0.77042  1.15564     76 g - - >
          1.38629  1.38629  1.38629  1.38629
          0.01314  5.03167  5.03167  1.46634  0.26236  2.46907  0.08846
     33   1.24598  1.65523  1.32931  1.36010     77 a - - >
          1.38629  1.38629  1.38629  1.38629
          0.01314  5.03167  5.03167  1.46634  0.26236  2.46907  0.08846
     34   2.24494  0.65468  1.96554  1.45083     78 C - - >
          1.38629  1.38629  1.38629  1.38629
          0.01314  5.03167  5.03167  1.46634  0.26236  2.46907  0.08846
     35   2.99737  0.64915  1.58059  1.50625     79 C - - >
          1.38629  1.38629  1.38629  1.38629
          0.01314  5.03167  5.03167  1.46634  0.26236  2.46907  0.08846
     36   2.50467  2.48236  0.36769  1.94900     80 G - - >
          1.38629  1.38629  1.38629  1.38629
          0.01314  5.03167  5.03167  1.46634  0.26236  2.46907  0.08846
     37   1.78729  1.73754  0.49003  3.12299     81 G - - >
          1.38629  1.38629  1.38629  1.38629
          0.01314  5.03167  5.03167  1.46634  0.26236  0.18552  1.77592
     38   3.61190  0.99351  2.66532  0.62896     82 U - - >
          1.38629  1.38629  1.38629  1.38629
          0.01242  5.08760  5.08760  1.46634  0.26236  1.09861  0.40547
     39   4.56606  0.95910  0.59439  2.91021     83 G - - >
          1.38629  1.38629  1.38629  1.38629
          0.01242  5.08760  5.08760  1.46634  0.26236  1.09861  0.40547
     40   3.92401  3.92502  0.07616  3.38641     84 G - - >
          1.38629  1.38629  1.38629  1.38629
          0.01242  5.08760  5.08760  1.46634  0.26236  1.09861  0.40547
     41   0.09652  3.81425  3.45417  3.26129     85 A - - >
          1.38629  1.38629  1.38629  1.38629
          0.21928  1.65690  5.08760  0.06352  2.78804  1.09861  0.40547
     42   2.28466  1.73110  0.36997  3.49509     87 G - - >
          1.38629  1.38629  1.38629  1.38629
          0.01242  5.08760  5.08760  1.46634  0.26236  1.09861  0.40547
     43   3.12265  0.91381  0.65389  3.35390     88 G - - >
          1.38629  1.38629  1.38629  1.38629
          0.01242  5.08760  5.08760  1.46634  0.26236  1.09861  0.40547
     44   1.72028  1.72499  1.22335  1.05393     89 u - - >
          1.38629  1.38629  1.38629  1.38629
          0.19374  4.98641  1.77610  1.46634  0.26236  1.09861  0.40547
     45   0.88702  2.52090  1.77701  1.08297     90 a - - -
          1.38629  1.38629  1.38629  1.38629
          0.01742  4.75209  4.75209  1.46634  0.26236  1.18071  0.36681
     46   1.60441  1.05253  2.92466  0.92570     91 u - - -
          1.38629  1.38629  1.38629  1.38629
          0.87490  0.55344  4.81260  0.02803  3.58838  0.10785  2.28042
     47   0.90524  2.27569  0.99042  2.10859     93 a - - >
          1.38629  1.38629  1.38629  1.38629
          0.01443  4.93887  4.93887  1.46634  0.26236  1.09861  0.40547
     48   1.64855  2.19094  0.62297  1.83563     94 G - - >
          1.38629  1.38629  1.38629  1.38629
          0.01443  4.93887  4.93887  1.46634  0.26236  1.09861  0.40547
     49   1.66342  2.54567  0.84371  1.19741     95 g - - >
          1.38629  1.38629  1.38629  1.38629
          0.01554  4.86531  4.86531  1.46634  0.26236  1.09861  0.40547
     50   0.98019  1.11644  1.52400  2.53229     96 a - - >
          1.38629  1.38629  1.38629  1.38629
          0.01669  4.79438  4.79438  1.46634  0.26236  1.09861  0.40547
     51   0.95636  3.78728  0.57508  3.49351     97 G - - :
          1.38629  1.38629  1.38629  1.38629
          0.01748  4.74843  4.74843  1.46634  0.26236  1.09861  0.40547
     52   1.38559  1.15188  1.66577  1.40757     98 c - - :
          1.38629  1.38629  1.38629  1.38629
          0.68607  0.70027        *  1.86974  0.16743  0.00000        *
//
