INFERNAL-1 [1.0.2]
NAME     ANYA
GA       20.00
STATES   61
NODES    14
ALPHABET 1
ELSELF   -0.08926734
WBETA    1e-07
NSEQ     15
EFFNSEQ  15.000
CLEN     19
BCOM     cmbuild -F ANYA/CM ANYA/SEED
BDATE    Wed May 30 12:09:10 2012
CCOM     /home/ppg15/bin/cmcalibrate --mpi -s 1 /home/ppg15/motifs/ANYA/CM
CDATE    Wed May 30 12:12:08 2012
NULL     0.000  0.000  0.000  0.000 
PART     1        0    100  
E-LC     0      0.70647    -3.32369     4.95111     1500000      389037  0.002892
E-GC     0      0.47547   -11.33668     3.80347     1500000      501612  0.000748
E-LI     0      0.80370    -1.44546     5.73912     1500000      362149  0.003106
E-GI     0      0.54474    -8.68219     4.26338     1500000      433177  0.000866
E-LV     0      0.58637    -0.77644     9.08558    15000000      365244  0.003080
E-GV     0      0.66642     0.48837    10.44658    15000000      285877  0.001312
E-LF     0      0.62427     0.20431     9.45835    15000000      363145  0.003098
E-GF     0      0.69812     1.15898    10.66287    15000000      285429  0.001314
FT-LC    45  0.99300  10000  1500000  0
            12.3055    8.17863    6.48173    4.87426    4.55318    2.83891    2.20258    1.78686    1.46202    1.06839   0.855502   0.743826   0.677505   0.535002   0.455877    0.39151   0.363006   0.297435   0.222866   0.201671   0.177338   0.156715   0.146853   0.131621   0.110624  0.0994307  0.0902146  0.0893866  0.0825127  0.0720974  0.0709855   0.019375  0.0176206  0.0149711  0.0126363  0.0113176 0.00959312 0.00928639 0.00795525 0.00721117 0.00658053  0.0056995 0.00507043 0.00466668 0.00442273 
            24404.4    21783.4      19456      17226    15501.2    13630.6    12265.8    10731.9    9573.34    8529.17    7584.67    6799.73    6035.43    5427.73    4875.13    4381.52    3874.49    3464.86    3094.66    2781.33    2395.82    2066.33    1847.87    1638.12    1461.27    1294.59    1162.79    1044.41    906.412    812.607    790.617    693.452    599.205    501.541    385.626    335.093    281.003    238.604    185.647    160.316    134.186    117.773    98.0248    85.8199    79.0618 
FT-LI    45  0.99300  10000  1500000  0
            10.5274    6.67243    5.48282     4.2683     3.7825    2.28357    1.56076    1.33963    1.02077   0.707087    0.58204   0.465545   0.390089   0.317752   0.280083   0.241797   0.185674   0.154867   0.117277   0.100738  0.0908884  0.0850076  0.0784186  0.0672706  0.0570569  0.0501063  0.0458999   0.043905  0.0407156  0.0352275  0.0349985 0.00806207 0.00721972 0.00599211 0.00494054 0.00435034  0.0036149 0.00348517 0.00292739 0.00261197  0.0023533 0.00199708 0.00174836 0.00159297 0.00149758 
            24404.4    21783.4      19456      17226    15501.2    13630.6    12265.8    10731.9    9573.34    8529.17    7584.67    6632.03    5960.54    5357.04    4817.65    4083.09    3667.39    3300.18    2962.34    2660.74     2325.1    2066.33    1847.87    1638.12    1461.27    1294.59    1162.79    1044.41    906.412    812.607    790.617    693.452    599.205    501.541    385.626    335.093    281.003    238.604    185.647    160.316    134.186    117.773    98.0248    85.8199    79.0618 
FT-GC    45  0.99300  10000  1500000  0
            2.63342    2.28577     2.2162    1.87214    1.68207    1.55663    1.34458    1.22319    1.16609    1.03419   0.869424   0.749559    0.70698   0.695312   0.614298   0.554604   0.508761   0.498939   0.472166   0.459947   0.399031   0.362653    0.35447    0.30444   0.290303   0.278275   0.234608   0.226978   0.217733   0.200869   0.186586   0.181052  0.0960615  0.0952635  0.0905382  0.0847296   0.081606  0.0724256   0.068637  0.0627381  0.0613808  0.0566685  0.0509433  0.0478443  0.0451578 
            17967.2    15344.7    13637.1    11810.4    10532.7    9478.94    8260.98    7321.16    6579.49    5830.97    4890.32    4401.05    3930.42    3515.03    3150.13    2827.06     2514.2    2250.05    1998.25    1694.72     1513.5    1358.27    1219.82    1063.08    944.117    844.337    755.102    656.701    589.762    520.846    468.409    433.626    361.528    308.976    244.203    219.157    177.746    155.884    121.666    96.9688    86.4787    76.7475    58.0077    52.1676    43.3627 
FT-GI    45  0.99300  10000  1500000  0
            1.62575    1.38416    1.34133    1.07975   0.969551   0.895888   0.744544     0.6533   0.640965   0.557195   0.458239   0.386382   0.369307    0.35699   0.315542   0.279779   0.249828   0.244199   0.234616   0.222708   0.197867   0.170946   0.165837   0.144186   0.133594   0.125935   0.103893  0.0996643  0.0958011  0.0874825   0.079557  0.0771225  0.0369394     0.0366  0.0345283  0.0320069  0.0307569  0.0267366  0.0251583  0.0226921  0.0220806  0.0202041  0.0178825  0.0166348  0.0155818 
            17967.2    15344.7    13637.1    11810.4    10532.7    9478.94    8260.98    7321.16    6579.49    5830.97    4890.32    4401.05    3930.42    3515.03    3150.13    2827.06     2514.2    2250.05    1998.25    1694.72     1513.5    1358.27    1219.82    1063.08    944.117    844.337    755.102    656.701    589.762    520.846    468.409    433.626    361.528    308.976    244.203    219.157    177.746    155.884    121.666    96.9688    86.4787    76.7475    58.0077    52.1676    43.3627 
MODEL:
				[ ROOT    0 ]
     S     0    -1 0     1     6  -1.993 -10.320  -0.454  -9.096  -9.376  -6.106 
    IL     1     1 2     1     6  -1.700  -0.687  -4.051  -7.788  -8.564  -8.225  0.000  0.000  0.000  0.000 
    IR     2     2 3     2     5  -1.146  -0.901  -8.930  -7.098  -8.204          0.000  0.000  0.000  0.000 
				[ MATP    1 ]
    MP     3     2 3     7     6 -10.361 -10.300  -0.009  -9.077  -9.356  -9.752 -4.642 -3.623 -5.577  2.490 -6.364 -5.440 -0.752 -5.052 -4.748  2.654 -4.448  1.206 -0.737 -4.795 -2.317 -3.963 
    ML     4     2 3     7     6  -6.250  -6.596  -1.310  -1.005  -6.446  -3.975  0.660 -0.612 -0.293 -0.076 
    MR     5     2 3     7     6  -6.988  -5.717  -1.625  -5.695  -0.829  -3.908  0.660 -0.612 -0.293 -0.076 
     D     6     2 3     7     6  -9.679  -8.377  -4.174  -4.856  -4.874  -0.198 
    IL     7     7 5     7     6  -2.579  -2.842  -0.760  -4.497  -5.274  -4.934  0.000  0.000  0.000  0.000 
    IR     8     8 6     8     5  -2.408  -0.496  -5.920  -4.087  -5.193          0.000  0.000  0.000  0.000 
				[ MATP    2 ]
    MP     9     8 6    13     6 -10.361 -10.300  -0.009  -9.077  -9.356  -9.752 -5.805 -4.761 -6.538  1.596 -6.034 -6.608  2.475 -5.929 -5.950  2.580 -5.621 -1.893 -0.465 -5.982 -2.021 -4.756 
    ML    10     8 6    13     6  -6.250  -6.596  -1.310  -1.005  -6.446  -3.975  0.660 -0.612 -0.293 -0.076 
    MR    11     8 6    13     6  -6.988  -5.717  -1.625  -5.695  -0.829  -3.908  0.660 -0.612 -0.293 -0.076 
     D    12     8 6    13     6  -9.679  -8.377  -4.174  -4.856  -4.874  -0.198 
    IL    13    13 5    13     6  -2.579  -2.842  -0.760  -4.497  -5.274  -4.934  0.000  0.000  0.000  0.000 
    IR    14    14 6    14     5  -2.408  -0.496  -5.920  -4.087  -5.193          0.000  0.000  0.000  0.000 
				[ MATP    3 ]
    MP    15    14 6    19     6 -10.361 -10.300  -0.009  -9.077  -9.356  -9.752 -8.237 -6.687 -8.196  3.188 -7.026 -9.672  2.593 -7.093 -7.760 -1.990 -7.642 -3.265 -1.641 -8.125 -3.074 -6.231 
    ML    16    14 6    19     6  -6.250  -6.596  -1.310  -1.005  -6.446  -3.975  0.660 -0.612 -0.293 -0.076 
    MR    17    14 6    19     6  -6.988  -5.717  -1.625  -5.695  -0.829  -3.908  0.660 -0.612 -0.293 -0.076 
     D    18    14 6    19     6  -9.679  -8.377  -4.174  -4.856  -4.874  -0.198 
    IL    19    19 5    19     6  -2.579  -2.842  -0.760  -4.497  -5.274  -4.934  0.000  0.000  0.000  0.000 
    IR    20    20 6    20     5  -2.408  -0.496  -5.920  -4.087  -5.193          0.000  0.000  0.000  0.000 
				[ MATP    4 ]
    MP    21    20 6    25     6 -10.361 -10.300  -0.009  -9.077  -9.356  -9.752 -7.121 -6.537 -7.525 -2.821 -6.627 -9.006 -2.911 -6.918 -6.960 -3.055 -7.165  1.700  3.610 -7.227 -3.873 -6.102 
    ML    22    20 6    25     6  -6.250  -6.596  -1.310  -1.005  -6.446  -3.975  0.660 -0.612 -0.293 -0.076 
    MR    23    20 6    25     6  -6.988  -5.717  -1.625  -5.695  -0.829  -3.908  0.660 -0.612 -0.293 -0.076 
     D    24    20 6    25     6  -9.679  -8.377  -4.174  -4.856  -4.874  -0.198 
    IL    25    25 5    25     6  -2.579  -2.842  -0.760  -4.497  -5.274  -4.934  0.000  0.000  0.000  0.000 
    IR    26    26 6    26     5  -2.408  -0.496  -5.920  -4.087  -5.193          0.000  0.000  0.000  0.000 
				[ MATP    5 ]
    MP    27    26 6    31     4  -2.397  -9.365  -0.315  -7.779                 -6.811 -6.171 -7.004 -0.743 -5.385 -7.705  2.398 -6.483 -7.237  2.615 -7.054 -2.465  1.773 -7.066 -1.802 -5.180 
    ML    28    26 6    31     4  -3.758  -3.940  -0.507  -2.670                  0.660 -0.612 -0.293 -0.076 
    MR    29    26 6    31     4  -4.809  -3.838  -1.706  -0.766                  0.660 -0.612 -0.293 -0.076 
     D    30    26 6    31     4  -5.164  -4.846  -2.861  -0.322                 
    IL    31    31 5    31     4  -3.951  -0.265  -3.383  -7.120                  0.000  0.000  0.000  0.000 
    IR    32    32 6    32     3  -2.966  -0.231  -5.666                          0.000  0.000  0.000  0.000 
				[ MATL    6 ]
    ML    33    32 6    35     5  -9.071  -0.010  -8.887  -9.099  -9.991          1.720 -2.703 -1.378 -2.584 
     D    34    32 6    35     5  -5.454  -0.521  -4.716  -3.091  -3.003         
    IL    35    35 3    35     5  -2.408  -0.496  -4.087  -5.920  -5.193          0.000  0.000  0.000  0.000 
				[ MATP    7 ]
    MP    36    35 3    40     6 -10.380 -10.320  -0.009  -9.096  -9.376  -9.771 -8.408 -6.725 -8.219 -1.650 -6.824 -9.460  2.955 -7.158 -7.996  2.845 -7.630 -3.083 -1.260 -8.309 -2.717 -6.156 
    ML    37    35 3    40     6  -6.250  -6.596  -1.310  -1.005  -6.446  -3.975  0.660 -0.612 -0.293 -0.076 
    MR    38    35 3    40     6  -6.988  -5.717  -1.625  -5.695  -0.829  -3.908  0.660 -0.612 -0.293 -0.076 
     D    39    35 3    40     6  -9.049  -7.747  -3.544  -4.226  -4.244  -0.319 
    IL    40    40 5    40     6  -2.579  -2.842  -0.760  -4.497  -5.274  -4.934  0.000  0.000  0.000  0.000 
    IR    41    41 6    41     5  -2.408  -0.496  -5.920  -4.087  -5.193          0.000  0.000  0.000  0.000 
				[ MATP    8 ]
    MP    42    41 6    46     4  -9.184  -9.391  -0.011  -7.805                 -8.053 -5.079 -8.486 -1.397 -7.780 -5.638  1.197 -7.374 -6.226  3.667 -5.760 -2.540 -2.034 -5.614 -3.655 -6.310 
    ML    43    41 6    46     4  -3.758  -3.940  -0.507  -2.670                  0.660 -0.612 -0.293 -0.076 
    MR    44    41 6    46     4  -4.809  -3.838  -1.706  -0.766                  0.660 -0.612 -0.293 -0.076 
     D    45    41 6    46     4  -4.568  -4.250  -2.265  -0.520                 
    IL    46    46 5    46     4  -1.686  -2.369  -1.117  -4.855                  0.000  0.000  0.000  0.000 
    IR    47    47 6    47     3  -1.442  -0.798  -4.142                          0.000  0.000  0.000  0.000 
				[ MATL    9 ]
    ML    48    47 6    50     3 -10.117  -0.005  -8.771                          1.868 -2.643 -3.567 -3.245 
     D    49    47 6    50     3  -6.174  -1.687  -0.566                         
    IL    50    50 3    50     3  -1.442  -0.798  -4.142                          0.000  0.000  0.000  0.000 
				[ MATL   10 ]
    ML    51    50 3    53     3 -10.117  -0.005  -8.771                         -3.945 -3.662 -4.660  1.932 
     D    52    50 3    53     3  -6.174  -1.687  -0.566                         
    IL    53    53 3    53     3  -1.442  -0.798  -4.142                          0.000  0.000  0.000  0.000 
				[ MATL   11 ]
    ML    54    53 3    56     3 -10.117  -0.005  -8.771                         -1.176  0.193 -1.706  1.076 
     D    55    53 3    56     3  -6.174  -1.687  -0.566                         
    IL    56    56 3    56     3  -1.442  -0.798  -4.142                          0.000  0.000  0.000  0.000 
				[ MATL   12 ]
    ML    57    56 3    59     2       *   0.000                                  1.960 -5.116 -4.771 -4.540 
     D    58    56 3    59     2       *   0.000                                 
    IL    59    59 3    59     2  -1.823  -0.479                                  0.000  0.000  0.000  0.000 
				[ END    13 ]
     E    60    59 3    -1     0                                                 
//
