INFERNAL-1 [1.0.2]
NAME     RBS_E_coli
GA       14.00
STATES   121
NODES    41
ALPHABET 1
ELSELF   -0.08926734
WBETA    1e-07
NSEQ     202
EFFNSEQ  202.000
CLEN     39
BCOM     cmbuild -F RBS_E_coli/CM RBS_E_coli/SEED
BDATE    Wed May 30 12:09:11 2012
CCOM     /home/ppg15/bin/cmcalibrate --mpi -s 1 /home/ppg15/motifs/RBS_E_coli/CM
CDATE    Wed May 30 12:34:46 2012
NULL     0.000  0.000  0.000  0.000 
PART     1        0    100  
E-LC     0      0.37976   -11.41784     3.92647     1500000      381791  0.002947
E-GC     0      0.40960    -6.80843     6.91265     1500000      103478  0.003624
E-LI     0      0.39582    -8.95795     4.03607     1500000      192701  0.005838
E-GI     0      0.39810    -7.00744     7.01676     1500000       99710  0.003761
E-LV     0      0.46037    -1.95650     9.69112    15000000      239855  0.004690
E-GV     0      0.51527    -0.08796    12.40188    15000000      233895  0.001603
E-LF     0      0.47593    -1.35025     9.89680    15000000      237606  0.004735
E-GF     0      0.51483    -0.09351    12.40652    15000000      233811  0.001604
FT-LC    53  0.99300  10000  1500000  0
            27400.4    24535.8    21906.7    19551.7    16432.7    15043.2    12793.5    11875.8    10844.8       9505    8659.62    7811.04    7135.68     6524.3    6238.06    5741.81     5308.8       4813    4233.39    3668.73    3269.37    2571.68    2259.37    2134.71    1893.15    1723.16    1370.95    1271.09    1088.64    947.734    826.228    808.934    408.543    377.398    344.627    313.515    285.769    256.748    234.389     216.14    193.922    177.703    163.895    148.316    135.963    123.884     112.92     102.42    95.0737    85.9063    79.4311    71.5371    69.3965 
            17873.5    15718.2    14034.9    12460.5    11211.1    10034.4    9028.24    8095.99    7280.77    6436.41    5791.05    5200.49    4670.15     4197.9    3764.42    3337.37    2967.23    2646.94    2374.75    2132.58    1917.84    1720.62    1540.75    1363.37    1218.52    1087.51    977.071    876.596    786.454     704.91     629.12    596.573    536.658    482.849    426.649     383.87    338.223    300.998    266.217    239.069    213.365    190.425    170.924     153.64     136.34    121.508    109.065     96.784    86.9142    78.1996    69.4935    62.1991    59.6573 
FT-LI    53  0.99300  10000  1500000  0
            24922.1    20947.6      19307    17591.2    15178.7    12734.7    11633.7    10664.3    9631.75    8553.03    7788.31    7256.64    6496.95    6025.77    5445.67    4932.06    4519.41    4113.74    3596.86    3175.69    2788.17    2457.27    2170.22    1982.89    1663.18    1513.28    1271.84    1154.61    1000.06    903.874    768.199     744.69    405.572     374.67    337.224    303.638    270.128     245.52    223.913     200.84    181.806    165.618    153.719    137.806    124.413    112.335    103.001    94.0985     86.138    77.8856    70.7975    64.4713    64.2482 
            17873.5    15718.2      14122    12645.7    11366.9    10034.4    9028.24    8095.99    7280.77    6436.41    5791.05    5200.49    4670.15     4197.9    3764.42    3337.37    2967.23    2646.94    2374.75    2132.58    1917.84    1720.62    1540.75    1363.37    1218.52    1087.51    977.071    876.596    786.454     704.91     629.12    596.573    536.658    482.849    424.825    369.353    328.545    295.322    260.949    232.671     206.57    185.328    165.639    146.988    131.372    116.913     104.89    93.9251    83.3492    74.3878     66.548    59.6763    59.6573 
FT-GC    43  0.99300  10000  1500000  1
             103478     103478    31155.9    16540.2    10833.2    6582.84     4052.9    2840.66    2297.59    1782.31     1365.7     1242.4    1090.67    975.683    928.505    837.788    688.817    570.059    485.101    435.738    391.879    280.655    255.527    233.317     214.35    197.571    180.398    165.733     152.51    139.368    127.986    117.053     107.23    99.0791    90.9874    83.0788    76.2315    70.0344    64.2094    58.9172    53.9948    49.6258      48.58 
             4922.4    4330.16    3666.79    3275.82    2943.17    2630.71    2341.76    2077.05    1852.72     1660.3     1462.8    1316.28    1179.57    1044.62    929.883    831.164     738.73    663.712    592.334    532.183    482.696    434.031    388.753    346.767    311.713     279.77    249.555    223.866    201.444     181.08    161.191    145.046    130.518    117.204    105.193    94.4622    85.0008    76.1727    68.3317    61.4876    55.1015     49.557    48.2696 
FT-GI    43  0.99300  10000  1500000  1
              99710    57190.5    14843.7    12373.1    7175.81    4435.54    3410.02     2546.5    1986.07    1626.34    1346.44    1193.49     1093.9    976.607    896.137    792.087    692.312    568.441    495.712    451.656    393.873    294.888    269.188    246.425    226.929    209.647    191.915    176.717    163.013    149.342    137.476    126.046    115.752    107.193    98.6742    90.3277    83.0814    76.5108    70.3188    64.6783    59.4212     54.739    53.6118 
             4922.4    4330.16    3666.79    3275.82    2943.17    2630.71    2341.76    2077.05    1852.72     1660.3     1462.8    1316.28    1179.57    1044.62    929.883    831.164     738.73    663.712    592.334    532.183    482.696    434.031    388.753    346.767    311.713     279.77    249.555    223.866    201.444     181.08    161.191    145.046    130.518    117.204    105.193    94.4622    85.0008    76.1727    68.3317    61.4876    55.1015     49.557    48.2696 
MODEL:
				[ ROOT    0 ]
     S     0    -1 0     1     4 -12.802 -13.009  -0.001 -11.423                 
    IL     1     1 2     1     4  -1.686  -2.369  -1.117  -4.855                  0.000  0.000  0.000  0.000 
    IR     2     2 3     2     3  -1.442  -0.798  -4.142                          0.000  0.000  0.000  0.000 
				[ MATL    1 ]
    ML     3     2 3     5     3 -13.713  -0.000 -12.367                          0.034 -0.351 -1.272  0.830 
     D     4     2 3     5     3  -6.174  -1.687  -0.566                         
    IL     5     5 3     5     3  -1.442  -0.798  -4.142                          0.000  0.000  0.000  0.000 
				[ MATL    2 ]
    ML     6     5 3     8     3 -13.713  -0.000 -12.367                         -0.164 -0.260 -0.134  0.445 
     D     7     5 3     8     3  -6.174  -1.687  -0.566                         
    IL     8     8 3     8     3  -1.442  -0.798  -4.142                          0.000  0.000  0.000  0.000 
				[ MATL    3 ]
    ML     9     8 3    11     3 -13.713  -0.000 -12.367                          0.128  0.248 -0.839  0.215 
     D    10     8 3    11     3  -6.174  -1.687  -0.566                         
    IL    11    11 3    11     3  -1.442  -0.798  -4.142                          0.000  0.000  0.000  0.000 
				[ MATL    4 ]
    ML    12    11 3    14     3 -13.713  -0.000 -12.367                         -0.135  0.196 -0.523  0.319 
     D    13    11 3    14     3  -6.174  -1.687  -0.566                         
    IL    14    14 3    14     3  -1.442  -0.798  -4.142                          0.000  0.000  0.000  0.000 
				[ MATL    5 ]
    ML    15    14 3    17     3 -13.713  -0.000 -12.367                         -0.346  0.326 -1.198  0.608 
     D    16    14 3    17     3  -6.174  -1.687  -0.566                         
    IL    17    17 3    17     3  -1.442  -0.798  -4.142                          0.000  0.000  0.000  0.000 
				[ MATL    6 ]
    ML    18    17 3    20     3 -13.713  -0.000 -12.367                         -0.260 -0.179 -0.656  0.720 
     D    19    17 3    20     3  -6.174  -1.687  -0.566                         
    IL    20    20 3    20     3  -1.442  -0.798  -4.142                          0.000  0.000  0.000  0.000 
				[ MATL    7 ]
    ML    21    20 3    23     3 -13.713  -0.000 -12.367                         -0.290  0.309 -0.862  0.478 
     D    22    20 3    23     3  -6.174  -1.687  -0.566                         
    IL    23    23 3    23     3  -1.442  -0.798  -4.142                          0.000  0.000  0.000  0.000 
				[ MATL    8 ]
    ML    24    23 3    26     3 -13.713  -0.000 -12.367                          0.343 -0.196 -0.901  0.404 
     D    25    23 3    26     3  -6.174  -1.687  -0.566                         
    IL    26    26 3    26     3  -1.442  -0.798  -4.142                          0.000  0.000  0.000  0.000 
				[ MATL    9 ]
    ML    27    26 3    29     3 -13.713  -0.000 -12.367                          0.295 -0.228 -1.243  0.582 
     D    28    26 3    29     3  -6.174  -1.687  -0.566                         
    IL    29    29 3    29     3  -1.442  -0.798  -4.142                          0.000  0.000  0.000  0.000 
				[ MATL   10 ]
    ML    30    29 3    32     3 -13.713  -0.000 -12.367                         -0.093 -0.286 -1.162  0.844 
     D    31    29 3    32     3  -6.174  -1.687  -0.566                         
    IL    32    32 3    32     3  -1.442  -0.798  -4.142                          0.000  0.000  0.000  0.000 
				[ MATL   11 ]
    ML    33    32 3    35     3 -13.713  -0.000 -12.367                          0.030  0.087 -0.498  0.273 
     D    34    32 3    35     3  -6.174  -1.687  -0.566                         
    IL    35    35 3    35     3  -1.442  -0.798  -4.142                          0.000  0.000  0.000  0.000 
				[ MATL   12 ]
    ML    36    35 3    38     3 -13.713  -0.000 -12.367                         -0.067 -0.249 -1.309  0.848 
     D    37    35 3    38     3  -6.174  -1.687  -0.566                         
    IL    38    38 3    38     3  -1.442  -0.798  -4.142                          0.000  0.000  0.000  0.000 
				[ MATL   13 ]
    ML    39    38 3    41     3 -13.713  -0.000 -12.367                          0.375  0.227 -1.686  0.290 
     D    40    38 3    41     3  -6.174  -1.687  -0.566                         
    IL    41    41 3    41     3  -1.442  -0.798  -4.142                          0.000  0.000  0.000  0.000 
				[ MATL   14 ]
    ML    42    41 3    44     3 -13.713  -0.000 -12.367                          0.589 -0.833 -1.015  0.526 
     D    43    41 3    44     3  -6.174  -1.687  -0.566                         
    IL    44    44 3    44     3  -1.442  -0.798  -4.142                          0.000  0.000  0.000  0.000 
				[ MATL   15 ]
    ML    45    44 3    47     3 -13.713  -0.000 -12.367                          0.345 -0.214 -0.276  0.060 
     D    46    44 3    47     3  -6.174  -1.687  -0.566                         
    IL    47    47 3    47     3  -1.442  -0.798  -4.142                          0.000  0.000  0.000  0.000 
				[ MATL   16 ]
    ML    48    47 3    50     3 -13.713  -0.000 -12.367                          0.519 -0.366 -0.697  0.231 
     D    49    47 3    50     3  -6.174  -1.687  -0.566                         
    IL    50    50 3    50     3  -1.442  -0.798  -4.142                          0.000  0.000  0.000  0.000 
				[ MATL   17 ]
    ML    51    50 3    53     3 -13.713  -0.000 -12.367                          0.855 -0.905 -0.726  0.074 
     D    52    50 3    53     3  -6.174  -1.687  -0.566                         
    IL    53    53 3    53     3  -1.442  -0.798  -4.142                          0.000  0.000  0.000  0.000 
				[ MATL   18 ]
    ML    54    53 3    56     3 -13.713  -0.000 -12.367                          0.647 -0.406 -1.135  0.291 
     D    55    53 3    56     3  -6.174  -1.687  -0.566                         
    IL    56    56 3    56     3  -1.442  -0.798  -4.142                          0.000  0.000  0.000  0.000 
				[ MATL   19 ]
    ML    57    56 3    59     3 -13.713  -0.000 -12.367                          1.207 -1.328  0.037 -1.902 
     D    58    56 3    59     3  -6.174  -1.687  -0.566                         
    IL    59    59 3    59     3  -1.442  -0.798  -4.142                          0.000  0.000  0.000  0.000 
				[ MATL   20 ]
    ML    60    59 3    62     3 -13.713  -0.000 -12.367                          1.253 -2.875  0.501 -3.947 
     D    61    59 3    62     3  -6.174  -1.687  -0.566                         
    IL    62    62 3    62     3  -1.442  -0.798  -4.142                          0.000  0.000  0.000  0.000 
				[ MATL   21 ]
    ML    63    62 3    65     3 -13.713  -0.000 -12.367                         -0.115 -5.141  1.593 -4.985 
     D    64    62 3    65     3  -6.174  -1.687  -0.566                         
    IL    65    65 3    65     3  -1.442  -0.798  -4.142                          0.000  0.000  0.000  0.000 
				[ MATL   22 ]
    ML    66    65 3    68     3 -13.713  -0.000 -12.367                         -1.016 -4.477  1.786 -6.318 
     D    67    65 3    68     3  -6.174  -1.687  -0.566                         
    IL    68    68 3    68     3  -1.442  -0.798  -4.142                          0.000  0.000  0.000  0.000 
				[ MATL   23 ]
    ML    69    68 3    71     3 -13.713  -0.000 -12.367                          1.207 -3.685  0.436 -1.935 
     D    70    68 3    71     3  -6.174  -1.687  -0.566                         
    IL    71    71 3    71     3  -1.442  -0.798  -4.142                          0.000  0.000  0.000  0.000 
				[ MATL   24 ]
    ML    72    71 3    74     3 -13.713  -0.000 -12.367                          1.051 -3.067  0.364 -0.937 
     D    73    71 3    74     3  -6.174  -1.687  -0.566                         
    IL    74    74 3    74     3  -1.442  -0.798  -4.142                          0.000  0.000  0.000  0.000 
				[ MATL   25 ]
    ML    75    74 3    77     3 -13.713  -0.000 -12.367                          0.909 -1.694 -0.582  0.196 
     D    76    74 3    77     3  -6.174  -1.687  -0.566                         
    IL    77    77 3    77     3  -1.442  -0.798  -4.142                          0.000  0.000  0.000  0.000 
				[ MATL   26 ]
    ML    78    77 3    80     3 -13.713  -0.000 -12.367                          0.628 -1.413 -0.889  0.622 
     D    79    77 3    80     3  -6.174  -1.687  -0.566                         
    IL    80    80 3    80     3  -1.442  -0.798  -4.142                          0.000  0.000  0.000  0.000 
				[ MATL   27 ]
    ML    81    80 3    83     3 -13.713  -0.000 -12.367                          0.980  0.056 -1.445 -0.688 
     D    82    80 3    83     3  -6.174  -1.687  -0.566                         
    IL    83    83 3    83     3  -1.442  -0.798  -4.142                          0.000  0.000  0.000  0.000 
				[ MATL   28 ]
    ML    84    83 3    86     3 -13.713  -0.000 -12.367                          1.410 -2.032 -0.387 -1.588 
     D    85    83 3    86     3  -6.174  -1.687  -0.566                         
    IL    86    86 3    86     3  -1.442  -0.798  -4.142                          0.000  0.000  0.000  0.000 
				[ MATL   29 ]
    ML    87    86 3    89     3 -13.713  -0.000 -12.367                         -0.546  0.457 -3.698  0.899 
     D    88    86 3    89     3  -6.174  -1.687  -0.566                         
    IL    89    89 3    89     3  -1.442  -0.798  -4.142                          0.000  0.000  0.000  0.000 
				[ MATL   30 ]
    ML    90    89 3    92     3 -13.713  -0.000 -12.367                          0.174  0.373 -1.351  0.245 
     D    91    89 3    92     3  -6.174  -1.687  -0.566                         
    IL    92    92 3    92     3  -1.442  -0.798  -4.142                          0.000  0.000  0.000  0.000 
				[ MATL   31 ]
    ML    93    92 3    95     3 -13.713  -0.000 -12.367                          1.996 -8.214 -7.684 -7.981 
     D    94    92 3    95     3  -6.174  -1.687  -0.566                         
    IL    95    95 3    95     3  -1.442  -0.798  -4.142                          0.000  0.000  0.000  0.000 
				[ MATL   32 ]
    ML    96    95 3    98     3 -13.713  -0.000 -12.367                         -8.485 -8.545 -8.975  1.997 
     D    97    95 3    98     3  -6.174  -1.687  -0.566                         
    IL    98    98 3    98     3  -1.442  -0.798  -4.142                          0.000  0.000  0.000  0.000 
				[ MATL   33 ]
    ML    99    98 3   101     3 -13.713  -0.000 -12.367                         -9.089 -10.120  1.999 -9.882 
     D   100    98 3   101     3  -6.174  -1.687  -0.566                         
    IL   101   101 3   101     3  -1.442  -0.798  -4.142                          0.000  0.000  0.000  0.000 
				[ MATL   34 ]
    ML   102   101 3   104     3 -13.713  -0.000 -12.367                          1.497 -2.315 -0.322 -2.508 
     D   103   101 3   104     3  -6.174  -1.687  -0.566                         
    IL   104   104 3   104     3  -1.442  -0.798  -4.142                          0.000  0.000  0.000  0.000 
				[ MATL   35 ]
    ML   105   104 3   107     3 -13.713  -0.000 -12.367                          1.224 -0.067 -0.989 -2.280 
     D   106   104 3   107     3  -6.174  -1.687  -0.566                         
    IL   107   107 3   107     3  -1.442  -0.798  -4.142                          0.000  0.000  0.000  0.000 
				[ MATL   36 ]
    ML   108   107 3   110     3 -13.713  -0.000 -12.367                          0.983 -0.796 -2.070  0.274 
     D   109   107 3   110     3  -6.174  -1.687  -0.566                         
    IL   110   110 3   110     3  -1.442  -0.798  -4.142                          0.000  0.000  0.000  0.000 
				[ MATL   37 ]
    ML   111   110 3   113     3 -13.713  -0.000 -12.367                          1.380 -0.196 -1.074 -4.350 
     D   112   110 3   113     3  -6.174  -1.687  -0.566                         
    IL   113   113 3   113     3  -1.442  -0.798  -4.142                          0.000  0.000  0.000  0.000 
				[ MATL   38 ]
    ML   114   113 3   116     3 -13.713  -0.000 -12.367                          1.241 -0.519 -2.677 -0.354 
     D   115   113 3   116     3  -6.174  -1.687  -0.566                         
    IL   116   116 3   116     3  -1.442  -0.798  -4.142                          0.000  0.000  0.000  0.000 
				[ MATL   39 ]
    ML   117   116 3   119     2       *   0.000                                  0.535 -0.419 -0.489  0.125 
     D   118   116 3   119     2       *   0.000                                 
    IL   119   119 3   119     2  -1.823  -0.479                                  0.000  0.000  0.000  0.000 
				[ END    40 ]
     E   120   119 3    -1     0                                                 
//
