INFERNAL-1 [1.0.2]
NAME     GNRA
GA       7.00
STATES   52
NODES    11
ALPHABET 1
ELSELF   -0.08926734
WBETA    1e-07
NSEQ     112
EFFNSEQ  112.000
CLEN     16
BCOM     cmbuild -F GNRA/CM GNRA/SEED
BDATE    Sat Jul 28 17:47:38 2012
NULL     0.000  0.000  0.000  0.000 
MODEL:
				[ ROOT    0 ]
     S     0    -1 0     1     6  -0.907 -12.739  -2.570 -11.516 -11.795  -1.748 
    IL     1     1 2     1     6  -0.428  -1.996  -7.478 -12.556 -13.332 -12.993  0.000  0.000  0.000  0.000 
    IR     2     2 3     2     5  -0.393  -2.072 -13.356 -11.524 -12.630          0.000  0.000  0.000  0.000 
				[ MATP    1 ]
    MP     3     2 3     7     6  -2.617 -12.230  -0.259 -11.006 -11.286 -11.681 -5.682 -5.873 -5.826  1.061 -1.233 -6.402  2.041 -5.849 -6.136  1.504 -6.097 -1.510  1.994 -5.645  1.017 -4.477 
    ML     4     2 3     7     6  -6.250  -6.596  -1.310  -1.005  -6.446  -3.975  0.660 -0.612 -0.293 -0.076 
    MR     5     2 3     7     6  -6.988  -5.717  -1.625  -5.695  -0.829  -3.908  0.660 -0.612 -0.293 -0.076 
     D     6     2 3     7     6 -15.096  -6.116  -1.507 -10.273 -10.291  -0.662 
    IL     7     7 5     7     6  -0.682  -1.683  -3.994  -9.845 -10.622 -10.282  0.000  0.000  0.000  0.000 
    IR     8     8 6     8     5  -0.679  -1.430 -10.463  -8.631  -9.737          0.000  0.000  0.000  0.000 
				[ MATP    2 ]
    MP     9     8 6    13     6  -5.107  -3.960  -0.143 -11.217 -11.496 -11.891 -6.212 -5.678 -1.469  0.949 -5.790 -6.974  1.985 -6.515 -6.488  2.386 -6.289 -0.013  1.191 -6.273  0.157 -5.249 
    ML    10     8 6    13     6  -6.250  -6.596  -1.310  -1.005  -6.446  -3.975  0.660 -0.612 -0.293 -0.076 
    MR    11     8 6    13     6  -6.988  -5.717  -1.625  -5.695  -0.829  -3.908  0.660 -0.612 -0.293 -0.076 
     D    12     8 6    13     6 -14.441 -13.139  -2.951  -9.618  -9.635  -0.204 
    IL    13    13 5    13     6  -1.145  -1.361  -2.798  -7.295  -8.071  -7.731  0.000  0.000  0.000  0.000 
    IR    14    14 6    14     5  -1.254  -0.807  -9.376  -7.544  -8.650          0.000  0.000  0.000  0.000 
				[ MATP    3 ]
    MP    15    14 6    19     6  -3.650  -4.727  -0.182 -11.259 -11.539 -11.934 -7.233 -7.221 -7.365  1.774 -5.909 -7.956  2.520 -7.270 -7.692  1.044 -7.604 -0.065  1.389 -7.232  0.174 -5.903 
    ML    16    14 6    19     6  -6.250  -6.596  -1.310  -1.005  -6.446  -3.975  0.660 -0.612 -0.293 -0.076 
    MR    17    14 6    19     6  -6.988  -5.717  -1.625  -5.695  -0.829  -3.908  0.660 -0.612 -0.293 -0.076 
     D    18    14 6    19     6 -14.244 -12.942  -0.830  -9.422  -9.439  -1.202 
    IL    19    19 5    19     6  -0.959  -2.052  -2.065  -8.753  -9.529  -9.190  0.000  0.000  0.000  0.000 
    IR    20    20 6    20     5  -0.907  -1.125  -9.591  -7.759  -8.865          0.000  0.000  0.000  0.000 
				[ MATP    4 ]
    MP    21    20 6    25     6  -5.695 -12.636  -0.030 -11.412 -11.692 -12.087 -4.279 -5.771 -6.573  1.119 -5.522 -6.915  2.233 -6.446 -1.528  2.134 -6.310  0.133  1.493 -6.197 -1.723 -5.154 
    ML    22    20 6    25     6  -6.250  -6.596  -1.310  -1.005  -6.446  -3.975  0.660 -0.612 -0.293 -0.076 
    MR    23    20 6    25     6  -6.988  -5.717  -1.625  -5.695  -0.829  -3.908  0.660 -0.612 -0.293 -0.076 
     D    24    20 6    25     6 -13.060 -11.758  -0.844  -8.237  -8.255  -1.198 
    IL    25    25 5    25     6  -2.481  -2.034  -0.864  -6.412  -7.188  -6.849  0.000  0.000  0.000  0.000 
    IR    26    26 6    26     5  -2.968  -0.317  -6.479  -4.647  -5.753          0.000  0.000  0.000  0.000 
				[ MATP    5 ]
    MP    27    26 6    31     6 -12.758 -12.698  -0.002 -11.474 -11.754 -12.149 -6.126 -6.289 -0.590  0.621 -4.893 -6.848  2.519 -6.296 -6.575  1.689 -6.531 -0.729  1.629 -6.092 -0.008 -4.927 
    ML    28    26 6    31     6  -6.250  -6.596  -1.310  -1.005  -6.446  -3.975  0.660 -0.612 -0.293 -0.076 
    MR    29    26 6    31     6  -6.988  -5.717  -1.625  -5.695  -0.829  -3.908  0.660 -0.612 -0.293 -0.076 
     D    30    26 6    31     6 -11.902 -10.600  -0.195  -7.079  -7.097  -3.172 
    IL    31    31 5    31     6  -2.579  -2.842  -0.760  -4.497  -5.274  -4.934  0.000  0.000  0.000  0.000 
    IR    32    32 6    32     5  -2.408  -0.496  -5.920  -4.087  -5.193          0.000  0.000  0.000  0.000 
				[ MATP    6 ]
    MP    33    32 6    37     6 -12.800 -12.739  -0.002 -11.516 -11.795 -12.190 -10.646 -9.236 -10.601  1.201 -8.573 -11.416  2.564 -9.595 -11.187  2.435 -10.575 -5.112 -0.070 -11.216  0.469 -8.254 
    ML    34    32 6    37     6  -6.250  -6.596  -1.310  -1.005  -6.446  -3.975  0.660 -0.612 -0.293 -0.076 
    MR    35    32 6    37     6  -6.988  -5.717  -1.625  -5.695  -0.829  -3.908  0.660 -0.612 -0.293 -0.076 
     D    36    32 6    37     6  -9.049  -7.747  -3.544  -4.226  -4.244  -0.319 
    IL    37    37 5    37     6  -2.579  -2.842  -0.760  -4.497  -5.274  -4.934  0.000  0.000  0.000  0.000 
    IR    38    38 6    38     5  -2.408  -0.496  -5.920  -4.087  -5.193          0.000  0.000  0.000  0.000 
				[ MATP    7 ]
    MP    39    38 6    43     4 -11.960 -12.167  -0.002 -10.581                 -12.699 -9.753 -11.878 -5.942 -12.075 -16.210 -6.590 -10.298  3.951 -6.203 -1.106 -6.601 -6.135 -11.375 -7.340 -9.744 
    ML    40    38 6    43     4  -3.758  -3.940  -0.507  -2.670                  0.660 -0.612 -0.293 -0.076 
    MR    41    38 6    43     4  -4.809  -3.838  -1.706  -0.766                  0.660 -0.612 -0.293 -0.076 
     D    42    38 6    43     4  -4.568  -4.250  -2.265  -0.520                 
    IL    43    43 5    43     4  -1.686  -2.369  -1.117  -4.855                  0.000  0.000  0.000  0.000 
    IR    44    44 6    44     3  -1.442  -0.798  -4.142                          0.000  0.000  0.000  0.000 
				[ MATL    8 ]
    ML    45    44 6    47     3 -12.872  -0.001 -11.526                          0.821  0.033 -1.849 -0.100 
     D    46    44 6    47     3  -6.174  -1.687  -0.566                         
    IL    47    47 3    47     3  -1.442  -0.798  -4.142                          0.000  0.000  0.000  0.000 
				[ MATL    9 ]
    ML    48    47 3    50     2       *   0.000                                  1.320 -6.611  0.537 -4.582 
     D    49    47 3    50     2       *   0.000                                 
    IL    50    50 3    50     2  -1.823  -0.479                                  0.000  0.000  0.000  0.000 
				[ END    10 ]
     E    51    50 3    -1     0                                                 
//
