INFERNAL-1 [1.0.2]
NAME     Terminator1
GA       10.00
STATES   133
NODES    30
ALPHABET 1
ELSELF   -0.08926734
WBETA    1e-07
NSEQ     1012
EFFNSEQ  1012.000
CLEN     43
BCOM     cmbuild -F terminator1/CM terminator1/SEED
BDATE    Wed May 30 12:09:11 2012
CCOM     /home/ppg15/bin/cmcalibrate --mpi -s 1 /home/ppg15/motifs/terminator1/CM
CDATE    Wed May 30 12:58:56 2012
NULL     0.000  0.000  0.000  0.000 
PART     1        0    100  
E-LC     0      0.55889    -7.92544     2.39052     1500000      358988  0.003134
E-GC     0      0.44215   -14.15879    -0.85884     1500000      134264  0.002793
E-LI     0      0.56442    -6.20748     2.95843     1500000      198580  0.005665
E-GI     0      0.42766   -13.27239     0.07411     1500000      112954  0.003320
E-LV     0      0.55474    -2.36066     6.65171    15000000      166882  0.006741
E-GV     0      0.49946    -3.84955     8.32474    15000000      163971  0.002287
E-LF     0      0.56611     0.01882     8.83495    15000000      165447  0.006800
E-GF     0      0.52427    -1.41084    10.18795    15000000      164032  0.002286
FT-LC    41  0.99300  10000  1500000  0
            8.92316    6.51844     5.4138    4.24343    3.71547    2.81249    1.93823    1.32084    0.97055    0.75572   0.563807   0.401963   0.326746   0.283388   0.217857   0.182761   0.156974   0.121702   0.105282  0.0988348  0.0771459  0.0679964  0.0632573  0.0560606   0.047622  0.0410386  0.0380336  0.0300518  0.0261483  0.0199053  0.0180809  0.0172708  0.0132371  0.0101488 0.00722365 0.00696822 0.00560115 0.000173628 0.00013465 4.54976e-05 4.43204e-05 
            10795.6    9392.18    8320.57    7408.88    6627.02    5910.93    5305.14    4758.74    4271.04    3835.49    3348.23    2994.89     2657.7    2378.58     2095.3    1860.44    1660.34    1433.91    1286.95     1153.1    1030.25    925.183    818.696      732.3     654.65     583.58    517.581    464.537    417.873     372.93     329.26    288.899    259.732    233.245    207.335    185.981    169.563    66.9039    39.4294    18.5918    16.9563 
FT-LI    40  0.99300  10000  1500000  0
            8.30159    6.50447    5.43755    4.64545    3.80357    2.73486    1.55809    1.10116   0.764244   0.658088   0.471204   0.338209   0.277244   0.230799   0.164324   0.144848   0.116042   0.108517  0.0941417  0.0764186  0.0696927  0.0664821  0.0533493  0.0449862  0.0388704  0.0332529   0.029753   0.024134  0.0201036  0.0170361  0.0154735  0.0127925  0.0102766 0.00784798 0.00659706 0.00538814 0.000192153 0.000146329 5.07027e-05 4.91202e-05 
            10795.6    9392.18    8320.57    7408.88    6627.02    5910.93    5305.14     4729.2    4142.45    3653.23    3190.93     2870.4       2510    2226.14    1918.19    1689.74    1511.42    1294.99     1153.1    1030.25    925.183    818.696      732.3     654.65     583.58    517.581    464.537    417.873     372.93    334.331    288.899    259.732    233.245    207.335    185.981    169.563    66.9039    39.4294    18.5918    16.9563 
FT-GC    45  0.99300  10000  1500000  0
           0.891576   0.749483   0.463546   0.392119   0.324756   0.277289    0.25145    0.21074   0.183954   0.160559   0.133445   0.114864  0.0987033  0.0871643  0.0834355  0.0677431   0.060296  0.0523966  0.0441213  0.0412297   0.039634  0.0312928  0.0268287  0.0227783  0.0221944   0.019878  0.0148367  0.0133053   0.011173 0.00967686 0.00844203 0.00785685 0.00769347 0.00729006 0.00595092 0.00582814 0.00525029 0.000768932 0.000711242 0.000528417 0.000452249 0.000380585 0.000277089 0.000262089 0.000108835 
            10577.6    9167.01    8194.13     7101.4     6364.4    5712.86    5130.71    4552.66    4082.31    3502.85    3139.31    2791.47    2509.64    2228.06    1954.36    1682.23     1460.2     1298.4    1152.72    1037.43    919.101    821.557     732.06    657.462    577.909    497.701    441.859    397.458    352.308    312.451    277.394     243.83    215.453    191.279     163.87    146.402    131.863    89.7665    64.3476    56.5023    49.2507    37.6167    28.3568    20.1151    13.1863 
FT-GI    44  0.99300  10000  1500000  0
            1.29303    1.07465   0.740808   0.535556   0.513503   0.421901    0.38612   0.364393   0.299464   0.255695   0.199898   0.185631   0.167271   0.150164   0.139224    0.11843  0.0985039  0.0886092  0.0749378  0.0708793  0.0628275  0.0551792  0.0452993  0.0418142  0.0395564  0.0331272  0.0286966  0.0270524  0.0197488  0.0176126  0.0155254  0.0148995  0.0137863   0.012812  0.0116569  0.0109875 0.00995936 0.00161689 0.00151741 0.00117872 0.00101248 0.000854182 0.000592899 0.000252025 
            10577.6    9167.01    8194.13    7263.31     6364.4    5712.86    5130.71    4552.66    4082.31    3502.85    3139.31    2791.47    2509.64    2228.06    1954.36    1682.23     1460.2     1298.4    1168.54    1049.47    919.101    821.557     732.06    657.462    577.909    511.456    458.857    411.451    352.308    312.451    279.731    244.213    215.453    191.279    167.518    150.527    131.863    89.7665    64.3476    56.5023    49.2507    37.6167    20.1151    13.1863 
MODEL:
				[ ROOT    0 ]
     S     0    -1 0     1     4 -14.911 -16.157  -0.207  -2.901                 
    IL     1     1 2     1     4  -2.817  -4.319  -0.613  -2.698                  0.000  0.000  0.000  0.000 
    IR     2     2 3     2     3  -1.925  -0.554  -4.164                          0.000  0.000  0.000  0.000 
				[ MATR    1 ]
    MR     3     2 3     5     3 -16.113  -0.003  -9.090                          0.117 -0.293 -0.421  0.436 
     D     4     2 3     5     3 -14.516  -9.694  -0.002                         
    IR     5     5 3     5     3  -1.925  -0.554  -4.164                          0.000  0.000  0.000  0.000 
				[ MATR    2 ]
    MR     6     5 3     8     3 -16.110  -0.403  -2.038                          0.159 -0.513 -0.132  0.345 
     D     7     5 3     8     3 -14.533  -9.711  -0.002                         
    IR     8     8 3     8     3  -1.925  -0.554  -4.164                          0.000  0.000  0.000  0.000 
				[ MATR    3 ]
    MR     9     8 3    11     3 -15.708  -0.000 -14.026                          0.042 -0.119 -0.465  0.406 
     D    10     8 3    11     3 -15.884  -8.242  -0.005                         
    IR    11    11 3    11     3  -1.925  -0.554  -4.164                          0.000  0.000  0.000  0.000 
				[ MATR    4 ]
    MR    12    11 3    14     3 -15.710  -0.000 -14.028                         -0.040  0.096 -0.497  0.322 
     D    13    11 3    14     3 -15.880  -0.010  -7.127                         
    IR    14    14 3    14     3  -1.925  -0.554  -4.164                          0.000  0.000  0.000  0.000 
				[ MATR    5 ]
    MR    15    14 3    17     3 -16.317  -0.000 -14.635                         -0.717 -0.006 -0.335  0.680 
     D    16    14 3    17     3  -8.848  -4.025  -0.095                         
    IR    17    17 3    17     3  -1.925  -0.554  -4.164                          0.000  0.000  0.000  0.000 
				[ MATR    6 ]
    MR    18    17 3    20     3 -16.317  -0.007  -7.746                         -0.769 -1.308  0.177  0.910 
     D    19    17 3    20     3  -8.848  -0.623  -1.520                         
    IR    20    20 3    20     3  -1.925  -0.554  -4.164                          0.000  0.000  0.000  0.000 
				[ MATR    7 ]
    MR    21    20 3    23     3 -16.313  -0.000 -14.630                         -0.898 -1.951 -0.945  1.425 
     D    22    20 3    23     3  -9.959  -5.137  -0.043                         
    IR    23    23 3    23     3  -1.925  -0.554  -4.164                          0.000  0.000  0.000  0.000 
				[ MATR    8 ]
    MR    24    23 3    26     3 -16.313  -0.000 -14.630                          0.185 -1.338 -0.849  0.935 
     D    25    23 3    26     3  -9.959  -0.083  -4.189                         
    IR    26    26 3    26     3  -1.925  -0.554  -4.164                          0.000  0.000  0.000  0.000 
				[ MATR    9 ]
    MR    27    26 3    29     3 -16.320  -0.000 -14.638                         -0.496 -0.896 -0.476  1.025 
     D    28    26 3    29     3  -6.390  -1.568  -0.620                         
    IR    29    29 3    29     3  -1.925  -0.554  -4.164                          0.000  0.000  0.000  0.000 
				[ MATR   10 ]
    MR    30    29 3    32     5  -5.141  -0.252 -14.776  -2.924 -15.880         -2.273 -1.391 -2.040  1.664 
     D    31    29 3    32     5  -5.352  -0.707  -2.978  -4.409  -2.404         
    IR    32    32 3    32     5  -6.697  -0.022 -10.208  -8.375  -9.481          0.000  0.000  0.000  0.000 
				[ MATP   11 ]
    MP    33    32 3    37     6 -15.692 -15.631  -0.003 -14.408  -8.793 -15.083 -2.913 -1.146 -1.731  3.360 -5.479 -5.088 -2.087  0.135 -4.868 -2.322 -4.841  0.870 -4.608 -3.974 -7.083  0.327 
    ML    34    32 3    37     6  -6.250  -6.596  -1.310  -1.005  -6.446  -3.975  0.660 -0.612 -0.293 -0.076 
    MR    35    32 3    37     6 -14.382 -13.111  -9.020 -13.090  -0.004 -11.303 -3.895 -2.837 -1.431  1.775 
     D    36    32 3    37     6  -9.049  -7.747  -3.544  -4.226  -4.244  -0.319 
    IL    37    37 5    37     6  -2.579  -2.842  -0.760  -4.497  -5.274  -4.934  0.000  0.000  0.000  0.000 
    IR    38    38 6    38     5  -2.408  -0.496  -5.920  -4.087  -5.193          0.000  0.000  0.000  0.000 
				[ MATP   12 ]
    MP    39    38 6    43     6 -15.689  -8.218  -0.016 -14.405 -14.684  -7.102 -2.690 -1.260 -4.324  3.553 -9.113 -8.758 -4.830 -0.480 -8.559 -2.038 -9.520  0.461 -3.182 -4.897 -7.130  0.153 
    ML    40    38 6    43     6  -6.250  -6.596  -1.310  -1.005  -6.446  -3.975  0.660 -0.612 -0.293 -0.076 
    MR    41    38 6    43     6 -14.403 -13.132  -0.006 -13.110  -8.244 -11.324 -6.057 -3.747 -3.266  1.928 
     D    42    38 6    43     6  -9.049  -7.747  -3.544  -4.226  -4.244  -0.319 
    IL    43    43 5    43     6  -2.579  -2.842  -0.760  -4.497  -5.274  -4.934  0.000  0.000  0.000  0.000 
    IR    44    44 6    44     5  -3.947  -0.152  -7.458  -5.626  -6.731          0.000  0.000  0.000  0.000 
				[ MATP   13 ]
    MP    45    44 6    49     6 -15.886 -15.825  -0.022 -14.601 -14.881  -6.025 -4.245 -2.565 -5.391  3.741 -5.800 -8.954 -3.314 -0.530 -8.753 -3.296 -9.714 -0.357 -3.269 -8.826 -4.923 -0.869 
    ML    46    44 6    49     6  -6.250  -6.596  -1.310  -1.005  -6.446  -3.975  0.660 -0.612 -0.293 -0.076 
    MR    47    44 6    49     6  -6.988  -5.717  -1.625  -5.695  -0.829  -3.908  0.660 -0.612 -0.293 -0.076 
     D    48    44 6    49     6 -12.722 -11.420  -1.414  -7.899  -7.917  -0.699 
    IL    49    49 5    49     6  -2.579  -2.842  -0.760  -4.497  -5.274  -4.934  0.000  0.000  0.000  0.000 
    IR    50    50 6    50     5  -2.408  -0.496  -5.920  -4.087  -5.193          0.000  0.000  0.000  0.000 
				[ MATP   14 ]
    MP    51    50 6    55     6 -15.867 -15.806  -0.003  -8.863 -14.863 -15.258 -5.896 -4.835 -5.022  3.794 -9.288 -8.929 -3.636 -1.493 -8.731 -2.179 -9.692 -0.166 -4.699 -8.804 -7.303 -1.161 
    ML    52    50 6    55     6  -6.250  -6.596  -1.310  -1.005  -6.446  -3.975  0.660 -0.612 -0.293 -0.076 
    MR    53    50 6    55     6  -6.988  -5.717  -1.625  -5.695  -0.829  -3.908  0.660 -0.612 -0.293 -0.076 
     D    54    50 6    55     6 -14.240 -12.939  -0.156  -9.418  -9.435  -3.332 
    IL    55    55 5    55     6  -2.579  -2.842  -0.760  -4.497  -5.274  -4.934  0.000  0.000  0.000  0.000 
    IR    56    56 6    56     5  -2.408  -0.496  -5.920  -4.087  -5.193          0.000  0.000  0.000  0.000 
				[ MATP   15 ]
    MP    57    56 6    61     6 -15.890  -8.550  -0.008 -14.605  -8.371 -15.280 -4.691 -2.137 -8.922  3.466 -9.315 -8.954 -0.822 -2.412 -8.756  1.527 -9.712 -0.583 -3.216 -8.828 -3.705 -2.433 
    ML    58    56 6    61     6  -8.263  -8.609  -3.323  -0.192  -8.459  -5.988  0.767 -1.037 -1.183  0.455 
    MR    59    56 6    61     6  -6.988  -5.717  -1.625  -5.695  -0.829  -3.908  0.660 -0.612 -0.293 -0.076 
     D    60    56 6    61     6 -10.985  -9.683  -5.480  -6.162  -6.180  -0.077 
    IL    61    61 5    61     6  -2.579  -2.842  -0.760  -4.497  -5.274  -4.934  0.000  0.000  0.000  0.000 
    IR    62    62 6    62     5  -3.862  -0.162  -7.373  -5.540  -6.646          0.000  0.000  0.000  0.000 
				[ MATP   16 ]
    MP    63    62 6    67     6 -15.885 -15.825  -0.000 -14.601 -14.881 -15.276 -11.569 -5.374 -12.313 -0.152 -11.751 -12.293  2.347 -11.647 -11.696  3.235 -11.341 -2.904 -1.227 -11.723 -7.581 -10.459 
    ML    64    62 6    67     6  -8.263  -8.609  -0.231  -3.018  -8.459  -5.988 -1.381 -2.462  1.656 -1.825 
    MR    65    62 6    67     6  -9.251  -7.980  -0.219  -7.958  -3.092  -6.171  0.742  0.370 -1.378 -0.620 
     D    66    62 6    67     6 -10.985  -9.683  -5.480  -6.162  -6.180  -0.077 
    IL    67    67 5    67     6  -2.579  -2.842  -0.760  -4.497  -5.274  -4.934  0.000  0.000  0.000  0.000 
    IR    68    68 6    68     5  -2.408  -0.496  -5.920  -4.087  -5.193          0.000  0.000  0.000  0.000 
				[ MATP   17 ]
    MP    69    68 6    73     6 -15.893 -15.832  -0.002 -14.608 -14.888  -9.366 -14.300 -12.891 -13.014  0.449 -11.447 -13.900  3.559 -12.614 -15.689  1.264 -13.265 -8.404 -1.380 -15.329 -4.106 -11.509 
    ML    70    68 6    73     6  -6.250  -6.596  -1.310  -1.005  -6.446  -3.975  0.660 -0.612 -0.293 -0.076 
    MR    71    68 6    73     6  -6.988  -5.717  -1.625  -5.695  -0.829  -3.908  0.660 -0.612 -0.293 -0.076 
     D    72    68 6    73     6 -10.985  -9.683  -5.480  -0.410  -6.180  -2.255 
    IL    73    73 5    73     6  -2.579  -2.842  -0.760  -4.497  -5.274  -4.934  0.000  0.000  0.000  0.000 
    IR    74    74 6    74     5  -2.408  -0.496  -5.920  -4.087  -5.193          0.000  0.000  0.000  0.000 
				[ MATP   18 ]
    MP    75    74 6    79     6 -15.890 -15.830  -0.008  -7.612 -14.886 -15.281 -13.146 -12.414 -12.251 -0.343 -10.961 -12.985  3.191 -12.141 -14.088  1.868 -6.134 -3.705  0.935 -13.643 -1.237 -11.100 
    ML    76    74 6    79     6  -7.937  -8.283  -2.997  -0.244  -8.133  -5.662  1.664 -2.089 -1.989 -1.543 
    MR    77    74 6    79     6  -6.988  -5.717  -1.625  -5.695  -0.829  -3.908  0.660 -0.612 -0.293 -0.076 
     D    78    74 6    79     6 -10.969  -9.667  -0.399  -6.146  -6.164  -2.239 
    IL    79    79 5    79     6  -2.579  -2.842  -0.760  -4.497  -5.274  -4.934  0.000  0.000  0.000  0.000 
    IR    80    80 6    80     5  -2.408  -0.496  -5.920  -4.087  -5.193          0.000  0.000  0.000  0.000 
				[ MATP   19 ]
    MP    81    80 6    85     6 -15.885 -15.825  -0.000 -14.601 -14.881 -15.276 -9.551 -5.940 -5.620  1.562 -5.780 -10.348  2.023 -6.134 -9.686  2.811 -5.426 -2.367  0.547 -5.222 -2.439 -8.860 
    ML    82    80 6    85     6  -9.662 -10.008  -0.390  -2.136  -9.858  -7.388  1.919 -4.050 -3.826 -3.517 
    MR    83    80 6    85     6  -6.988  -5.717  -1.625  -5.695  -0.829  -3.908  0.660 -0.612 -0.293 -0.076 
     D    84    80 6    85     6  -9.049  -7.747  -3.544  -4.226  -4.244  -0.319 
    IL    85    85 5    85     6  -2.579  -2.842  -0.760  -4.497  -5.274  -4.934  0.000  0.000  0.000  0.000 
    IR    86    86 6    86     5  -2.408  -0.496  -5.920  -4.087  -5.193          0.000  0.000  0.000  0.000 
				[ MATP   20 ]
    MP    87    86 6    91     6  -5.890  -6.272  -0.058 -14.609  -7.350  -8.241 -8.974 -4.535 -4.549  1.376 -4.833 -9.696  2.953 -6.019 -9.425  1.590 -9.385 -2.394  0.736 -5.571 -0.678 -7.780 
    ML    88    86 6    91     6  -7.797  -8.144  -0.329  -2.552  -7.993  -5.523 -0.643 -1.203 -1.426  1.352 
    MR    89    86 6    91     6  -6.988  -5.717  -1.625  -5.695  -0.829  -3.908  0.660 -0.612 -0.293 -0.076 
     D    90    86 6    91     6  -9.049  -7.747  -3.544  -4.226  -4.244  -0.319 
    IL    91    91 5    91     6  -6.845  -7.108  -0.031  -8.763  -9.540  -9.200  0.000  0.000  0.000  0.000 
    IR    92    92 6    92     5  -5.655  -0.045  -9.166  -7.333  -8.439          0.000  0.000  0.000  0.000 
				[ MATP   21 ]
    MP    93    92 6    97     6 -15.881 -15.820  -0.061 -14.597  -5.782  -5.437 -8.955 -3.012 -5.477  0.790 -2.950 -4.381  2.696 -4.015 -5.834  1.169 -9.371 -2.830  2.073 -5.903 -0.459 -4.610 
    ML    94    92 6    97     6  -6.250  -6.596  -1.310  -1.005  -6.446  -3.975  0.660 -0.612 -0.293 -0.076 
    MR    95    92 6    97     6 -10.120  -8.849  -0.529  -8.827  -1.766  -7.041  1.254 -1.765 -1.917  0.078 
     D    96    92 6    97     6 -11.882 -10.580  -6.377  -7.059  -7.077  -0.041 
    IL    97    97 5    97     6  -2.579  -2.842  -0.760  -4.497  -5.274  -4.934  0.000  0.000  0.000  0.000 
    IR    98    98 6    98     5  -2.408  -0.496  -5.920  -4.087  -5.193          0.000  0.000  0.000  0.000 
				[ MATP   22 ]
    MP    99    98 6   103     6  -6.173  -8.037  -0.502  -7.702  -2.050  -5.072 -8.907 -3.039 -9.054  0.994 -2.377 -4.279  2.146 -9.081 -9.359  2.224 -5.315 -1.408  1.698 -5.367 -0.290 -4.347 
    ML   100    98 6   103     6  -6.250  -6.596  -1.310  -1.005  -6.446  -3.975  0.660 -0.612 -0.293 -0.076 
    MR   101    98 6   103     6 -11.685  -4.304  -1.119 -10.392  -1.865  -2.229  1.755 -3.563 -1.247 -3.067 
     D   102    98 6   103     6 -14.688 -13.386  -4.221  -9.865  -0.566  -1.891 
    IL   103   103 5   103     6  -6.517  -2.446  -0.324  -8.435  -9.211  -8.872  0.000  0.000  0.000  0.000 
    IR   104   104 6   104     5  -4.911  -0.076  -8.422  -6.590  -7.696          0.000  0.000  0.000  0.000 
				[ MATP   23 ]
    MP   105   104 6   109     6  -7.393 -15.325  -0.596  -1.745  -7.189  -5.193 -8.762 -5.589 -9.197  0.965 -8.186 -9.515  2.300 -9.054 -5.075  2.389 -5.360 -1.998  1.696 -8.803 -1.794 -5.653 
    ML   106   104 6   109     6  -9.190  -9.536  -4.250  -0.349  -9.386  -2.662 -1.509  1.487 -1.060 -1.451 
    MR   107   104 6   109     6 -15.330 -14.059  -9.968 -14.037  -0.363  -2.175  0.683 -0.515 -1.689  0.469 
     D   108   104 6   109     6 -15.271 -13.969  -9.766  -2.557  -4.634  -0.343 
    IL   109   109 5   109     6  -5.043  -5.306  -0.111  -6.961  -7.737  -7.397  0.000  0.000  0.000  0.000 
    IR   110   110 6   110     5  -2.408  -0.496  -5.920  -4.087  -5.193          0.000  0.000  0.000  0.000 
				[ MATP   24 ]
    MP   111   110 6   115     6 -14.802 -14.742  -0.134  -4.020  -6.616  -5.896 -7.973 -7.998 -8.181  1.741 -4.467 -8.701  2.403 -8.174 -2.128  1.961 -2.842 -1.179  1.030 -7.952 -1.031 -3.956 
    ML   112   110 6   115     6 -14.591 -14.937  -0.878  -1.134 -14.787 -12.317  0.787 -0.257 -1.600  0.147 
    MR   113   110 6   115     6 -15.015 -13.744  -5.897 -13.722  -0.036  -6.969  1.080 -1.260 -1.985  0.281 
     D   114   110 6   115     6 -16.704 -15.403  -7.004  -5.004  -4.951  -0.107 
    IL   115   115 5   115     6  -2.579  -2.842  -0.760  -4.497  -5.274  -4.934  0.000  0.000  0.000  0.000 
    IR   116   116 6   116     5  -2.408  -0.496  -5.920  -4.087  -5.193          0.000  0.000  0.000  0.000 
				[ MATP   25 ]
    MP   117   116 6   121     4 -14.252  -1.106  -0.915  -7.606                 -0.040 -1.811 -2.507  1.868 -3.095 -1.701  0.858 -2.433  0.149  0.722 -2.085  0.419  0.568 -0.868 -0.198  0.334 
    ML   118   116 6   121     4 -10.947  -7.076  -0.153  -3.434                 -0.107 -0.215 -0.757  0.694 
    MR   119   116 6   121     4 -13.064  -5.375  -2.302  -0.372                  0.626 -0.545 -1.441  0.489 
     D   120   116 6   121     4 -12.151  -2.140  -3.061  -0.615                 
    IL   121   121 5   121     4  -1.686  -2.369  -1.117  -4.855                  0.000  0.000  0.000  0.000 
    IR   122   122 6   122     3  -0.726  -1.338 -12.956                          0.000  0.000  0.000  0.000 
				[ MATL   26 ]
    ML   123   122 6   125     3 -15.616  -0.019  -6.268                          0.085 -0.036 -1.146  0.596 
     D   124   122 6   125     3 -15.435  -2.253  -0.340                         
    IL   125   125 3   125     3  -1.442  -0.798  -4.142                          0.000  0.000  0.000  0.000 
				[ MATL   27 ]
    ML   126   125 3   128     3 -15.695  -0.202  -2.939                          0.271 -0.296 -0.371  0.270 
     D   127   125 3   128     3 -15.166  -0.124  -3.604                         
    IL   128   128 3   128     3  -1.442  -0.798  -4.142                          0.000  0.000  0.000  0.000 
				[ MATL   28 ]
    ML   129   128 3   131     2       *   0.000                                  0.407 -0.611 -0.460  0.370 
     D   130   128 3   131     2       *   0.000                                 
    IL   131   131 3   131     2  -1.823  -0.479                                  0.000  0.000  0.000  0.000 
				[ END    29 ]
     E   132   131 3    -1     0                                                 
//
