INFERNAL1/a [1.1rc1 | June 2012]
NAME     UNCG
DESC     UNCG tetraloop
STATES   58
NODES    13
CLEN     18
W        83
ALPH     RNA
RF       no
CONS     yes
MAP      yes
DATE     Thu Sep 20 15:21:07 2012
COM      [1] /share/data/bin/cmbuild -F /share/data/people/ppg15/motifs/UNCG/CM /share/data/people/ppg15/motifs/UNCG/SEED
COM      [2] /share/data/bin/cmcalibrate --mpi --seed 1 /share/data/people/ppg15/motifs/UNCG/CM
PBEGIN   0.05
PEND     0.05
WBETA    1e-07
QDBBETA1 1e-07
QDBBETA2 1e-15
N2OMEGA  1.52588e-05
N3OMEGA  1.52588e-05
ELSELF   -0.08926734
NSEQ     27
EFFN     27.000000
CKSUM    3753193336
NULL     0.000  0.000  0.000  0.000 
GA       8.00
EFP7GF   -3.8660 0.81599
ECMLC    0.60468    -4.06865     5.14889     1600000      316082  0.003796
ECMGC    0.45594   -11.04079     5.56512     1600000      776650  0.000515
ECMLI    0.62954    -2.92568     5.65876     1600000      266828  0.004497
ECMGI    0.47117    -9.85065     5.78683     1600000      633700  0.000631
CM
                                             [ ROOT    0 ]      -      - - - - -
     S     0    -1 0     1     6     1     1    83   156 -11.002 -10.941  -0.434  -9.717  -9.997  -1.962 
    IL     1     1 2     1     6     1     1    85   158  -2.579  -2.842  -0.760  -4.497  -5.274  -4.934  0.000  0.000  0.000  0.000 
    IR     2     2 3     2     5     1     1    85   158  -2.408  -0.496  -5.920  -4.087  -5.193          0.000  0.000  0.000  0.000 
                                             [ MATP    1 ]      9     42 g c - -
    MP     3     2 3     7     6     2     2    84   157 -10.575 -10.514  -0.008  -9.291  -9.571  -9.966 -4.768 -3.671 -4.647  1.418 -4.940 -5.293  0.541 -5.021 -4.937  2.828 -5.265 -1.338  0.328 -4.582  1.428 -3.567 
    ML     4     2 3     7     6     1     1    81   155  -6.250  -6.596  -1.310  -1.005  -6.446  -3.975  0.368 -0.385 -0.191  0.094 
    MR     5     2 3     7     6     1     1    81   154  -6.988  -5.717  -1.625  -5.695  -0.829  -3.908  0.368 -0.385 -0.191  0.094 
     D     6     2 3     7     6     0     0    77   150 -13.146 -11.844  -7.641  -8.323  -8.341  -0.017 
    IL     7     7 5     7     6     1     1    83   156  -2.579  -2.842  -0.760  -4.497  -5.274  -4.934  0.000  0.000  0.000  0.000 
    IR     8     8 6     8     5     1     1    83   156  -2.408  -0.496  -5.920  -4.087  -5.193          0.000  0.000  0.000  0.000 
                                             [ MATP    2 ]     10     41 a u - -
    MP     9     8 6    13     6     2     2    82   155  -2.511 -10.514  -0.286  -9.291  -9.571  -9.966 -4.403 -3.744 -4.406  2.463 -4.270 -5.163  1.232 -4.581 -4.536  1.795 -4.980  0.095  1.490 -4.447 -1.845 -3.336 
    ML    10     8 6    13     6     1     1    80   153  -6.250  -6.596  -1.310  -1.005  -6.446  -3.975  0.368 -0.385 -0.191  0.094 
    MR    11     8 6    13     6     1     1    78   151  -6.988  -5.717  -1.625  -5.695  -0.829  -3.908  0.368 -0.385 -0.191  0.094 
     D    12     8 6    13     6     0     0    77   150 -13.146 -11.844  -1.006  -8.323  -8.341  -1.013 
    IL    13    13 5    13     6     1     1    82   155  -5.101  -0.234  -3.282  -7.019  -7.795  -7.456  0.000  0.000  0.000  0.000 
    IR    14    14 6    14     5     1     1    81   154  -1.140  -0.913  -8.676  -6.843  -7.949          0.000  0.000  0.000  0.000 
                                             [ MATP    3 ]     12     38 a u - -
    MP    15    14 6    19     6     2     2    79   152 -10.814 -10.753  -0.070  -4.497  -9.809 -10.204 -4.902 -4.428 -4.931  2.107 -4.347 -5.766  1.995 -4.820 -4.922  0.930 -5.416  1.680  0.965 -5.065 -1.894 -3.732 
    ML    16    14 6    19     6     1     1    78   151  -6.250  -6.596  -1.310  -1.005  -6.446  -3.975  0.368 -0.385 -0.191  0.094 
    MR    17    14 6    19     6     1     1    74   147  -6.988  -5.717  -1.625  -5.695  -0.829  -3.908  0.368 -0.385 -0.191  0.094 
     D    18    14 6    19     6     0     0    74   147 -12.166 -10.864  -0.925  -7.344  -7.361  -1.120 
    IL    19    19 5    19     6     1     1    78   151  -2.579  -2.842  -0.760  -4.497  -5.274  -4.934  0.000  0.000  0.000  0.000 
    IR    20    20 6    20     5     1     1    78   151  -2.408  -0.496  -5.920  -4.087  -5.193          0.000  0.000  0.000  0.000 
                                             [ MATP    4 ]     13     37 g c - -
    MP    21    20 6    25     6     2     2    77   150  -1.514 -10.807  -0.630  -9.584  -9.864 -10.259 -5.170 -4.857 -5.176 -0.804 -4.179 -5.995  1.963 -4.801 -5.082  2.248 -5.586 -1.082  1.886 -5.341  1.181 -3.834 
    ML    22    20 6    25     6     1     1    78   151  -0.610  -8.114  -2.828  -2.522  -7.963  -5.493 -1.018 -2.139  1.552 -1.524 
    MR    23    20 6    25     6     1     1    63   136  -6.988  -5.717  -1.625  -5.695  -0.829  -3.908  0.368 -0.385 -0.191  0.094 
     D    24    20 6    25     6     0     0    51   124 -11.116  -9.815  -1.293  -6.294  -6.311  -0.824 
    IL    25    25 5    25     6     1     1    79   152  -0.520  -1.957  -6.274 -10.011  -5.027 -10.447  0.000  0.000  0.000  0.000 
    IR    26    26 6    26     5     1     1    74   147  -0.364  -2.184 -11.061  -9.228 -10.334          0.000  0.000  0.000  0.000 
                                             [ MATP    5 ]     21     30 c g - -
    MP    27    26 6    31     6     2     2    21    40 -10.908 -10.848  -0.006  -9.624  -9.904 -10.299  0.054 -4.487 -4.860 -0.680 -4.201 -5.675  2.304 -4.726 -4.847  1.796 -5.349  1.442  1.356 -4.990 -1.780 -3.680 
    ML    28    26 6    31     6     1     1    21    40  -6.250  -6.596  -1.310  -1.005  -6.446  -3.975  0.368 -0.385 -0.191  0.094 
    MR    29    26 6    31     6     1     1    21    39  -8.377  -7.105  -0.431  -7.084  -2.218  -5.297 -1.124  1.404 -1.918 -0.666 
     D    30    26 6    31     6     0     0    19    38 -10.409  -9.107  -0.635  -5.586  -5.604  -1.679 
    IL    31    31 5    31     6     1     1    22    40  -2.579  -2.842  -0.760  -4.497  -5.274  -4.934  0.000  0.000  0.000  0.000 
    IR    32    32 6    32     5     1     1    21    40  -2.408  -0.496  -5.920  -4.087  -5.193          0.000  0.000  0.000  0.000 
                                             [ MATP    6 ]     22     29 c g - -
    MP    33    32 6    37     6     2     2    19    38 -11.002 -10.941  -0.006  -9.717  -9.997 -10.392 -4.631 -4.551 -0.987  0.348 -0.938 -5.566  2.339 -4.566 -4.675  1.739 -5.211 -2.469  2.161 -4.884 -1.645 -3.577 
    ML    34    32 6    37     6     1     1    21    39  -6.250  -6.596  -1.310  -1.005  -6.446  -3.975  0.368 -0.385 -0.191  0.094 
    MR    35    32 6    37     6     1     1    21    39  -6.988  -5.717  -1.625  -5.695  -0.829  -3.908  0.368 -0.385 -0.191  0.094 
     D    36    32 6    37     6     0     0    19    38  -9.049  -7.747  -3.544  -4.226  -4.244  -0.319 
    IL    37    37 5    37     6     1     1    20    39  -2.579  -2.842  -0.760  -4.497  -5.274  -4.934  0.000  0.000  0.000  0.000 
    IR    38    38 6    38     5     1     1    20    38  -2.408  -0.496  -5.920  -4.087  -5.193          0.000  0.000  0.000  0.000 
                                             [ MATP    7 ]     23     28 C G - -
    MP    39    38 6    43     4     2     2    17    36  -9.969 -10.177  -0.006  -8.591                 -7.795 -8.062 -7.118 -4.293 -5.473 -7.267  3.869 -6.387 -7.220 -4.265 -7.343 -6.436  0.103 -7.635 -3.176 -6.022 
    ML    40    38 6    43     4     1     1    20    39  -3.758  -3.940  -0.507  -2.670                  0.368 -0.385 -0.191  0.094 
    MR    41    38 6    43     4     1     1    20    38  -4.809  -3.838  -1.706  -0.766                  0.368 -0.385 -0.191  0.094 
     D    42    38 6    43     4     0     0    19    37  -4.568  -4.250  -2.265  -0.520                 
    IL    43    43 5    43     4     1     1    22    40  -1.686  -2.369  -1.117  -4.855                  0.000  0.000  0.000  0.000 
    IR    44    44 6    44     3     1     1    21    39  -1.442  -0.798  -4.142                          0.000  0.000  0.000  0.000 
                                             [ MATL    8 ]     24      - U - - -
    ML    45    44 6    47     3     1     1    14    33 -10.892  -0.003  -9.546                         -6.373 -5.789 -7.264  1.987 
     D    46    44 6    47     3     0     0    16    34  -6.174  -1.687  -0.566                         
    IL    47    47 3    47     3     1     1    20    38  -1.442  -0.798  -4.142                          0.000  0.000  0.000  0.000 
                                             [ MATL    9 ]     25      - U - - -
    ML    48    47 3    50     3     1     1    13    31 -10.892  -0.003  -9.546                         -1.411 -3.988 -4.857  1.818 
     D    49    47 3    50     3     0     0    15    33  -6.174  -1.687  -0.566                         
    IL    50    50 3    50     3     1     1    19    37  -1.442  -0.798  -4.142                          0.000  0.000  0.000  0.000 
                                             [ MATL   10 ]     26      - C - - -
    ML    51    50 3    53     3     1     1    11    29 -10.892  -0.003  -9.546                         -6.258  1.983 -6.709 -5.358 
     D    52    50 3    53     3     0     0    13    32  -6.174  -1.687  -0.566                         
    IL    53    53 3    53     3     1     1    18    36  -1.442  -0.798  -4.142                          0.000  0.000  0.000  0.000 
                                             [ MATL   11 ]     27      - G - - -
    ML    54    53 3    56     2     1     1     1     1       *   0.000                                 -5.596 -7.314  1.986 -6.347 
     D    55    53 3    56     2     0     0     0     0       *   0.000                                 
    IL    56    56 3    56     2     1     1    13    28  -1.823  -0.479                                  0.000  0.000  0.000  0.000 
                                             [ END    12 ]      -      - - - - -
     E    57    56 3    -1     0     0     0     0     0                                                 
//
HMMER3/f [i1.1rc1 | June 2012]
NAME  UNCG
DESC  UNCG tetraloop
LENG  18
MAXL  91
ALPH  RNA
RF    no
MM    no
CONS  yes
CS    yes
MAP   yes
DATE  Thu Sep 20 15:21:07 2012
COM   [1] /share/data/bin/cmbuild -F /share/data/people/ppg15/motifs/UNCG/CM /share/data/people/ppg15/motifs/UNCG/SEED
NSEQ  27
EFFN  25.922241
CKSUM 3753193336
STATS LOCAL MSV       -7.0104  0.81599
STATS LOCAL VITERBI   -7.9613  0.81599
STATS LOCAL FORWARD   -2.5044  0.81599
HMM          A        C        G        U   
            m->m     m->i     m->d     i->m     i->i     d->m     d->d
  COMPO   1.70236  1.33473  1.23519  1.33279
          1.38629  1.38629  1.38629  1.38629
          0.93363  0.51133  4.93651  1.65515  0.21204  0.00000        *
      1   1.73027  2.32197  0.75258  1.37226      9 g - - <
          1.38629  1.38629  1.38629  1.38629
          0.00984  5.31910  5.31910  1.46634  0.26236  1.09861  0.40547
      2   1.04296  1.85999  1.24104  1.59539     10 a - - <
          1.38629  1.38629  1.38629  1.38629
          0.25896  1.49948  5.31910  0.04331  3.16097  1.09861  0.40547
      3   1.29021  1.36605  1.13330  1.91255     12 g - - <
          1.38629  1.38629  1.38629  1.38629
          0.00803  5.52209  5.52209  1.46634  0.26236  1.09861  0.40547
      4   3.06613  1.41615  1.06209  1.00780     13 u - - <
          1.38629  1.38629  1.38629  1.38629
          0.51962  0.91228  5.61534  1.31604  0.31224  1.09861  0.40547
      5   2.18486  1.16063  0.94978  1.67456     21 g - - <
          1.38629  1.38629  1.38629  1.38629
          0.00708  5.64707  5.64707  1.46634  0.26236  1.09861  0.40547
      6   2.13029  1.04759  1.49691  1.18223     22 c - - <
          1.38629  1.38629  1.38629  1.38629
          0.00687  5.67675  5.67675  1.46634  0.26236  1.09861  0.40547
      7   5.05968  0.09422  5.06145  2.56089     23 C - - <
          1.38629  1.38629  1.38629  1.38629
          0.00687  5.67675  5.67675  1.46634  0.26236  1.09861  0.40547
      8   5.73930  5.34288  6.35321  0.00979     24 U - - _
          1.38629  1.38629  1.38629  1.38629
          0.00687  5.67675  5.67675  1.46634  0.26236  1.09861  0.40547
      9   2.36523  4.11249  4.71331  0.12700     25 U - - _
          1.38629  1.38629  1.38629  1.38629
          0.00687  5.67675  5.67675  1.46634  0.26236  1.09861  0.40547
     10   5.68310  0.01231  5.99574  5.06025     26 C - - _
          1.38629  1.38629  1.38629  1.38629
          0.00687  5.67675  5.67675  1.46634  0.26236  1.09861  0.40547
     11   5.22925  6.41712  0.01023  5.74936     27 G - - _
          1.38629  1.38629  1.38629  1.38629
          0.00687  5.67675  5.67675  1.46634  0.26236  1.09861  0.40547
     12   2.63372  5.12601  0.08968  4.82509     28 G - - >
          1.38629  1.38629  1.38629  1.38629
          0.00687  5.67675  5.67675  1.46634  0.26236  1.09861  0.40547
     13   1.15121  1.54199  1.00087  2.28053     29 g - - >
          1.38629  1.38629  1.38629  1.38629
          0.00708  5.64707  5.64707  1.46634  0.26236  1.09861  0.40547
     14   1.48950  1.42009  1.14283  1.54222     30 g - - >
          1.38629  1.38629  1.38629  1.38629
          0.60209  0.91228  2.98129  1.58054  0.23050  1.09861  0.40547
     15   1.43294  1.20529  0.94895  2.59511     37 g - - >
          1.38629  1.38629  1.38629  1.38629
          0.00847  5.46902  5.46902  1.46634  0.26236  0.13416  2.07506
     16   2.02821  2.06030  1.31112  0.75184     38 u - - >
          1.38629  1.38629  1.38629  1.38629
          0.25896  1.49948  5.31910  0.70852  0.67801  1.09861  0.40547
     17   1.68766  1.48118  1.76664  0.87521     41 u - - >
          1.38629  1.38629  1.38629  1.38629
          0.00984  5.31910  5.31910  1.46634  0.26236  1.09861  0.40547
     18   2.45106  0.79529  1.33757  1.61011     42 c - - >
          1.38629  1.38629  1.38629  1.38629
          1.15058  0.38046        *  1.94641  0.15407  0.00000        *
//
