INFERNAL-1 [1.0.2]
NAME     Terminator2
GA       10.00
STATES   133
NODES    32
ALPHABET 1
ELSELF   -0.08926734
WBETA    1e-07
NSEQ     105
EFFNSEQ  105.000
CLEN     43
BCOM     cmbuild -F terminator2/CM terminator2/SEED
BDATE    Wed May 30 12:09:12 2012
CCOM     /home/ppg15/bin/cmcalibrate --mpi -s 1 /home/ppg15/motifs/terminator2/CM
CDATE    Wed May 30 13:00:43 2012
NULL     0.000  0.000  0.000  0.000 
PART     1        0    100  
E-LC     0      0.55342    -7.25163     3.01606     1500000      330336  0.003406
E-GC     0      0.52763    -7.12077     4.09784     1500000      139546  0.002687
E-LI     0      0.53713    -4.79171     4.47875     1500000      163571  0.006878
E-GI     0      0.55911    -4.51211     5.66122     1500000      110740  0.003386
E-LV     0      0.77609    -0.04551     5.53676    36510000      208445  0.013137
E-GV     0      0.84250     0.38814     6.83051    36510000      207758  0.004393
E-LF     0      0.84215     3.73603     8.87011    36510000      206645  0.013251
E-GF     0      0.90389     3.92759     9.92592    36510000      206543  0.004419
FT-LC    30  0.99300  10000  1500000  0
           0.468025      0.426   0.392597   0.349544   0.318234   0.288221   0.271205   0.240193   0.215043   0.192657   0.162632   0.141811   0.129152   0.109115   0.106981   0.104043  0.0960732  0.0830142  0.0789014  0.0684944  0.0647362  0.0581785  0.0531359  0.0477338  0.0463415  0.0381638  0.0294618  0.0279032  0.0267686  0.0263847 
             4696.8    4195.58    3685.26    3305.88    2948.13    2620.25    2356.45    2097.91    1852.06    1624.05    1449.52     1300.3    1157.63    1022.84    886.403    775.968    677.008    600.701    538.861    467.376    416.447    373.891    318.338    283.649    248.101    221.999    198.308    178.343    159.849     140.88 
FT-LI    32  0.99300  10000  1500000  0
           0.738271   0.710042   0.577235   0.539693   0.501741    0.48432   0.470013   0.416513    0.36854   0.352908   0.309518   0.261056   0.238461   0.208056   0.205401   0.186544   0.178968   0.159723    0.15211   0.146564   0.134916   0.123132   0.101649   0.092882  0.0786322  0.0691822  0.0649166  0.0592807  0.0553126  0.0500779   0.048127  0.0426381 
             4696.8    4195.58    3685.26    3305.88    2948.13    2620.25    2356.45    2097.91    1852.06    1665.61    1494.14    1341.46    1157.63    1022.84    898.428    774.662    677.008    600.701    538.861    467.376    416.447    373.891    318.338    283.649    248.101    221.999    198.308    178.343    159.849     140.88    124.686    111.286 
FT-GC    29  0.99300  10000  1500000  0
           0.339239   0.298765   0.279276   0.256703   0.239021   0.198788   0.186162   0.166052   0.139986   0.124974   0.116985   0.107742  0.0946868  0.0892769  0.0810107  0.0743669  0.0730035  0.0701298  0.0633489  0.0587767  0.0546496  0.0525139  0.0480625  0.0453049  0.0396724  0.0373277  0.0363965  0.0331754  0.0297087 
            4650.46    4172.44    3699.82    3322.51    2959.51    2603.02    2306.08    2072.78    1831.36    1615.14    1425.73    1273.41    1145.62    1016.77    890.261    756.585    670.279    594.893    527.985    474.999    410.669    368.789    313.414    279.425    250.476    210.951    183.705    165.269    144.184 
FT-GI    34  0.99300  10000  1500000  0
           0.345014   0.292524   0.275568    0.23449   0.220773   0.212969    0.18787   0.166213   0.151542   0.130884   0.122048   0.113578  0.0946895  0.0908765  0.0825626  0.0801232  0.0730751  0.0685388  0.0623757  0.0602136  0.0539748  0.0514785  0.0457901  0.0439191  0.0394189  0.0358769  0.0331524  0.0318856  0.0308094  0.0290271  0.0267393  0.0242139  0.0225915  0.0205401 
            4650.46    4172.44    3699.82    3322.51    2964.86    2603.02    2306.08    2072.78    1831.36    1620.99    1425.73    1273.41    1145.62    1025.07    918.045    812.586    723.153    638.349    559.429    499.662    448.707    379.955    341.516    297.945    267.077    237.683    210.951    183.705    163.338    146.152    129.832    115.229    103.198    85.2022 
MODEL:
				[ ROOT    0 ]
     S     0    -1 0     1     4 -11.868 -12.075  -0.298  -2.428                 
    IL     1     1 2     1     4  -1.686  -2.369  -1.117  -4.855                  0.000  0.000  0.000  0.000 
    IR     2     2 3     2     3  -1.442  -0.798  -4.142                          0.000  0.000  0.000  0.000 
				[ MATL    1 ]
    ML     3     2 3     5     3 -12.486  -0.038  -5.282                          0.605 -0.545 -0.119 -0.197 
     D     4     2 3     5     3 -11.792  -7.305  -0.010                         
    IL     5     5 3     5     3  -1.442  -0.798  -4.142                          0.000  0.000  0.000  0.000 
				[ MATL    2 ]
    ML     6     5 3     8     3 -12.747  -0.078  -4.255                          0.882 -1.003 -0.796  0.114 
     D     7     5 3     8     3 -10.689  -3.943  -0.098                         
    IL     8     8 3     8     3  -1.925  -0.554  -4.164                          0.000  0.000  0.000  0.000 
				[ MATR    3 ]
    MR     9     8 3    11     3 -12.689  -0.028  -5.721                          0.330 -0.626 -0.312  0.367 
     D    10     8 3    11     3 -12.116  -4.377  -0.072                         
    IR    11    11 3    11     3  -1.925  -0.554  -4.164                          0.000  0.000  0.000  0.000 
				[ MATR    4 ]
    MR    12    11 3    14     3 -12.681  -0.028  -5.713                          0.721 -0.764 -0.987  0.331 
     D    13    11 3    14     3 -12.141  -7.318  -0.009                         
    IR    14    14 3    14     3  -1.925  -0.554  -4.164                          0.000  0.000  0.000  0.000 
				[ MATR    5 ]
    MR    15    14 3    17     3 -12.654  -0.001 -10.972                          0.467 -0.247 -0.952  0.332 
     D    16    14 3    17     3 -12.221  -4.447  -0.068                         
    IR    17    17 3    17     3  -1.925  -0.554  -4.164                          0.000  0.000  0.000  0.000 
				[ MATR    6 ]
    MR    18    17 3    20     3 -12.674  -0.001 -10.992                          0.168 -1.057 -0.501  0.757 
     D    19    17 3    20     3 -12.163  -1.281  -0.765                         
    IR    20    20 3    20     3  -1.925  -0.554  -4.164                          0.000  0.000  0.000  0.000 
				[ MATR    7 ]
    MR    21    20 3    23     3 -12.854  -0.041  -5.166                          0.081 -0.884 -0.028  0.506 
     D    22    20 3    23     3 -11.413  -2.225  -0.348                         
    IR    23    23 3    23     3  -1.925  -0.554  -4.164                          0.000  0.000  0.000  0.000 
				[ MATR    8 ]
    MR    24    23 3    26     3 -12.865  -0.031  -5.583                         -0.466 -0.389 -0.528  0.863 
     D    25    23 3    26     3 -11.347  -2.689  -0.244                         
    IR    26    26 3    26     3  -1.925  -0.554  -4.164                          0.000  0.000  0.000  0.000 
				[ MATR    9 ]
    MR    27    26 3    29     3 -12.870  -0.001 -11.188                         -0.378 -0.972 -0.540  1.024 
     D    28    26 3    29     3 -11.319  -2.915  -0.206                         
    IR    29    29 3    29     3  -1.925  -0.554  -4.164                          0.000  0.000  0.000  0.000 
				[ MATR   10 ]
    MR    30    29 3    32     3 -12.898  -0.001 -11.215                         -0.424 -0.728 -0.641  1.007 
     D    31    29 3    32     3 -11.132  -1.079  -0.927                         
    IR    32    32 3    32     3  -1.925  -0.554  -4.164                          0.000  0.000  0.000  0.000 
				[ MATR   11 ]
    MR    33    32 3    35     3 -12.986  -0.001 -11.304                         -0.774 -1.389 -0.385  1.181 
     D    34    32 3    35     3 -10.241  -5.419  -0.035                         
    IR    35    35 3    35     3  -1.925  -0.554  -4.164                          0.000  0.000  0.000  0.000 
				[ MATR   12 ]
    MR    36    35 3    38     3  -4.351  -0.104  -5.605                         -2.240 -1.317 -2.808  1.698 
     D    37    35 3    38     3 -10.241  -5.419  -0.035                         
    IR    38    38 3    38     3  -4.234  -0.096  -6.473                          0.000  0.000  0.000  0.000 
				[ MATR   13 ]
    MR    39    38 3    41     3 -12.957  -0.001 -11.275                         -1.716 -1.433 -1.883  1.611 
     D    40    38 3    41     3 -10.607  -1.807  -0.487                         
    IR    41    41 3    41     3  -1.925  -0.554  -4.164                          0.000  0.000  0.000  0.000 
				[ MATR   14 ]
    MR    42    41 3    44     5  -2.705  -0.242 -11.451 -11.664 -12.555         -2.529 -3.193 -6.374  1.890 
     D    43    41 3    44     5  -8.365  -0.071  -5.991  -7.422  -5.416         
    IR    44    44 3    44     5  -0.376  -2.629 -11.478  -3.903 -10.752          0.000  0.000  0.000  0.000 
				[ MATP   15 ]
    MP    45    44 3    49     6 -12.650 -12.589  -0.034 -11.366 -11.645  -5.487 -0.845 -0.573 -1.441  2.767 -4.020 -4.394 -0.416 -0.267 -4.215 -1.366 -4.415  1.284 -2.387 -3.850 -1.601  1.259 
    ML    46    44 3    49     6  -6.250  -6.596  -1.310  -1.005  -6.446  -3.975  0.660 -0.612 -0.293 -0.076 
    MR    47    44 3    49     6  -9.794  -8.523  -4.432  -8.502  -0.093  -6.715 -0.100 -1.543 -1.850  1.291 
     D    48    44 3    49     6  -9.049  -7.747  -3.544  -4.226  -4.244  -0.319 
    IL    49    49 5    49     6  -2.579  -2.842  -0.760  -4.497  -5.274  -4.934  0.000  0.000  0.000  0.000 
    IR    50    50 6    50     5  -2.408  -0.496  -5.920  -4.087  -5.193          0.000  0.000  0.000  0.000 
				[ MATP   16 ]
    MP    51    50 6    55     6 -12.618 -12.557  -0.002 -11.333 -11.613 -12.008 -4.610 -2.346 -1.766  3.055 -4.981 -5.082 -0.370  0.234 -2.187  0.124 -5.325  1.053 -0.394 -2.500 -3.695 -0.466 
    ML    52    50 6    55     6  -6.250  -6.596  -1.310  -1.005  -6.446  -3.975  0.660 -0.612 -0.293 -0.076 
    MR    53    50 6    55     6  -9.794  -8.523  -0.639  -8.502  -1.548  -6.715  0.152 -1.450 -1.726  1.151 
     D    54    50 6    55     6 -11.469 -10.167  -0.270  -6.646  -6.663  -2.739 
    IL    55    55 5    55     6  -2.579  -2.842  -0.760  -4.497  -5.274  -4.934  0.000  0.000  0.000  0.000 
    IR    56    56 6    56     5  -2.408  -0.496  -5.920  -4.087  -5.193          0.000  0.000  0.000  0.000 
				[ MATP   17 ]
    MP    57    56 6    61     6  -4.429  -4.823  -0.191 -11.410  -4.580 -12.084 -5.312 -1.261 -6.001  3.320 -6.393 -6.033 -0.015  0.068 -5.834 -0.025 -6.786  0.317 -1.284 -5.906 -4.400 -0.398 
    ML    58    56 6    61     6  -6.250  -6.596  -1.310  -1.005  -6.446  -3.975  0.660 -0.612 -0.293 -0.076 
    MR    59    56 6    61     6  -8.488  -7.217  -0.394  -7.195  -2.329  -5.409  1.648 -2.031 -1.924 -1.483 
     D    60    56 6    61     6  -9.049  -7.747  -3.544  -4.226  -4.244  -0.319 
    IL    61    61 5    61     6  -0.718  -1.519  -4.763  -8.500  -9.276  -8.937  0.000  0.000  0.000  0.000 
    IR    62    62 6    62     5  -1.512  -0.645  -9.273  -7.440  -8.546          0.000  0.000  0.000  0.000 
				[ MATP   18 ]
    MP    63    62 6    67     6 -12.652 -12.592  -0.016  -6.627 -11.648 -12.043 -9.914 -8.628 -10.158 -1.078 -8.428 -10.690  2.243 -9.243 -10.284  3.144 -9.792 -0.748  0.082 -10.323 -1.820 -7.936 
    ML    64    62 6    67     6  -6.250  -6.596  -1.310  -1.005  -6.446  -3.975  0.660 -0.612 -0.293 -0.076 
    MR    65    62 6    67     6  -9.744  -0.686  -4.382  -8.451  -1.660  -6.665  1.527 -2.102 -0.874 -1.558 
     D    66    62 6    67     6  -9.049  -7.747  -3.544  -4.226  -4.244  -0.319 
    IL    67    67 5    67     6  -2.579  -2.842  -0.760  -4.497  -5.274  -4.934  0.000  0.000  0.000  0.000 
    IR    68    68 6    68     5  -4.067  -0.140  -7.578  -5.745  -6.851          0.000  0.000  0.000  0.000 
				[ MATP   19 ]
    MP    69    68 6    73     6 -12.683 -12.622  -0.038 -11.398  -6.153  -6.470 -7.672 -6.624 -8.518  2.075 -8.402 -8.470  2.455 -7.933 -7.816  2.345 -7.480 -1.181 -0.554 -7.858 -4.249 -6.764 
    ML    70    68 6    73     6  -7.578  -7.924  -0.392  -2.333  -7.774  -5.304 -0.587 -1.591  1.321 -0.988 
    MR    71    68 6    73     6  -8.353  -7.082  -2.991  -7.060  -0.268  -5.274 -0.631  1.242 -1.460 -0.676 
     D    72    68 6    73     6  -9.049  -7.747  -3.544  -4.226  -4.244  -0.319 
    IL    73    73 5    73     6  -2.579  -2.842  -0.760  -4.497  -5.274  -4.934  0.000  0.000  0.000  0.000 
    IR    74    74 6    74     5  -2.408  -0.496  -5.920  -4.087  -5.193          0.000  0.000  0.000  0.000 
				[ MATP   20 ]
    MP    75    74 6    79     6 -12.661 -12.600  -0.002 -11.376 -11.656 -12.051 -6.494 -2.111 -7.251  1.578 -6.990 -7.279  2.292 -6.886 -6.672  2.264 -6.396 -1.038  0.878 -6.614 -0.589 -5.700 
    ML    76    74 6    79     6  -6.250  -6.596  -1.310  -1.005  -6.446  -3.975  0.660 -0.612 -0.293 -0.076 
    MR    77    74 6    79     6  -9.148  -7.877  -0.237  -7.855  -2.989  -6.068 -0.558  0.250 -1.394  0.809 
     D    78    74 6    79     6 -10.741  -9.439  -5.236  -5.918  -0.501  -2.011 
    IL    79    79 5    79     6  -2.579  -2.842  -0.760  -4.497  -5.274  -4.934  0.000  0.000  0.000  0.000 
    IR    80    80 6    80     5  -2.408  -0.496  -5.920  -4.087  -5.193          0.000  0.000  0.000  0.000 
				[ MATP   21 ]
    MP    81    80 6    85     6 -12.697 -12.636  -0.014 -11.413 -11.693  -6.810 -6.923 -6.377 -7.389  1.460 -2.535 -7.686  2.241 -7.164 -7.212  2.396 -7.008 -0.374  1.005 -6.994 -2.120 -5.889 
    ML    82    80 6    85     6  -6.250  -6.596  -1.310  -1.005  -6.446  -3.975  0.660 -0.612 -0.293 -0.076 
    MR    83    80 6    85     6  -8.322  -7.051  -2.960  -7.029  -0.274  -5.243 -0.549 -1.136 -1.333  1.302 
     D    84    80 6    85     6  -9.049  -7.747  -3.544  -4.226  -4.244  -0.319 
    IL    85    85 5    85     6  -2.579  -2.842  -0.760  -4.497  -5.274  -4.934  0.000  0.000  0.000  0.000 
    IR    86    86 6    86     5  -2.408  -0.496  -5.920  -4.087  -5.193          0.000  0.000  0.000  0.000 
				[ MATP   22 ]
    MP    87    86 6    91     6  -6.631 -12.624  -0.044 -11.400  -5.719 -12.075 -6.413 -2.556 -7.284  1.946 -7.535 -7.207  2.300 -6.857 -6.555  2.069 -6.259 -0.894  0.158 -2.562 -0.072 -5.707 
    ML    88    86 6    91     6  -6.250  -6.596  -1.310  -1.005  -6.446  -3.975  0.660 -0.612 -0.293 -0.076 
    MR    89    86 6    91     6  -8.322  -7.051  -2.960  -7.029  -0.274  -5.243  1.587 -1.840 -1.704 -1.290 
     D    90    86 6    91     6 -10.518  -9.217  -5.014  -5.696  -5.713  -0.107 
    IL    91    91 5    91     6  -3.693  -3.956  -0.303  -5.611  -6.387  -6.047  0.000  0.000  0.000  0.000 
    IR    92    92 6    92     5  -2.408  -0.496  -5.920  -4.087  -5.193          0.000  0.000  0.000  0.000 
				[ MATP   23 ]
    MP    93    92 6    97     6 -12.657 -12.596  -0.106 -11.373  -5.075  -4.621 -5.969 -5.941 -6.196  1.670 -4.903 -2.653  1.702 -6.175 -6.372  1.836 -6.289 -0.693  1.695 -1.705  0.451 -2.417 
    ML    94    92 6    97     6  -6.250  -6.596  -1.310  -1.005  -6.446  -3.975  0.660 -0.612 -0.293 -0.076 
    MR    95    92 6    97     6  -9.337  -8.066  -1.466  -8.045  -3.178  -0.948  1.840 -3.069 -2.967 -2.536 
     D    96    92 6    97     6 -10.518  -9.217  -5.014  -5.696  -5.713  -0.107 
    IL    97    97 5    97     6  -2.579  -2.842  -0.760  -4.497  -5.274  -4.934  0.000  0.000  0.000  0.000 
    IR    98    98 6    98     5  -2.408  -0.496  -5.920  -4.087  -5.193          0.000  0.000  0.000  0.000 
				[ MATP   24 ]
    MP    99    98 6   103     6  -2.734  -5.517  -0.562  -6.292  -3.447  -4.442 -5.957 -5.802 -6.241  0.832 -5.010 -2.455  2.248 -6.188 -6.332  2.293 -6.219 -0.891  1.408 -5.958 -0.518 -1.454 
    ML   100    98 6   103     6  -6.250  -6.596  -1.310  -1.005  -6.446  -3.975  0.660 -0.612 -0.293 -0.076 
    MR   101    98 6   103     6  -9.301  -1.900  -3.939  -8.009  -3.142  -0.867  1.835 -3.025 -2.927 -2.492 
     D   102    98 6   103     6 -12.912  -2.895  -7.408  -8.090  -8.107  -0.231 
    IL   103   103 5   103     6  -1.651  -1.011  -2.465  -9.145  -9.921  -9.581  0.000  0.000  0.000  0.000 
    IR   104   104 6   104     5  -1.128  -1.136 -10.270  -8.437  -3.578          0.000  0.000  0.000  0.000 
				[ MATP   25 ]
    MP   105   104 6   109     6 -12.328 -12.268  -0.593  -2.025  -6.305  -3.672 -5.881 -1.400 -6.187  1.823 -4.981 -6.621  2.149 -6.113 -6.244  1.670 -6.118 -1.407  1.622 -5.890 -0.248 -4.790 
    ML   106   104 6   109     6  -7.742  -8.088  -2.802  -0.283  -7.938  -5.467 -0.630  1.241 -1.459 -0.675 
    MR   107   104 6   109     6 -10.647  -9.376  -5.285  -9.354  -0.051  -7.568  1.137 -0.888 -0.750 -0.588 
     D   108   104 6   109     6 -13.947 -12.645  -8.442  -3.888  -9.142  -0.108 
    IL   109   109 5   109     6  -2.579  -2.842  -0.760  -4.497  -5.274  -4.934  0.000  0.000  0.000  0.000 
    IR   110   110 6   110     5  -2.408  -0.496  -5.920  -4.087  -5.193          0.000  0.000  0.000  0.000 
				[ MATP   26 ]
    MP   111   110 6   115     6 -11.738 -11.678  -0.296  -4.112  -5.688  -3.218 -6.459 -6.159 -6.722  1.653 -5.406 -7.198  2.152 -6.553 -6.842  1.685 -6.690 -0.700  1.284 -6.495  1.009 -5.222 
    ML   112   110 6   115     6 -11.369 -11.715  -0.933  -1.219  -4.500  -9.094  0.185  0.003 -0.346  0.104 
    MR   113   110 6   115     6 -10.790  -9.519  -2.219  -9.498  -0.364  -7.711  0.682 -0.212 -2.070  0.372 
     D   114   110 6   115     6 -14.378 -13.076  -8.873  -9.555  -9.573  -0.007 
    IL   115   115 5   115     6  -2.579  -2.842  -0.760  -4.497  -5.274  -4.934  0.000  0.000  0.000  0.000 
    IR   116   116 6   116     5  -2.408  -0.496  -5.920  -4.087  -5.193          0.000  0.000  0.000  0.000 
				[ MATP   27 ]
    MP   117   116 6   121     4  -1.446  -2.006  -1.386  -9.547                 -0.691 -0.061 -2.962  1.300 -2.852 -1.305  0.239 -2.831 -1.418  1.474 -0.643  0.255  1.136 -1.276  0.639 -0.295 
    ML   118   116 6   121     4  -3.169  -2.900  -0.426  -6.601                 -0.281 -0.566 -1.435  1.092 
    MR   119   116 6   121     4  -3.350  -7.832  -0.837  -1.566                  0.323 -0.282 -0.687  0.385 
     D   120   116 6   121     4 -10.157  -0.708  -1.563  -4.361                 
    IL   121   121 5   121     4  -0.593  -1.594  -7.552 -11.289                  0.000  0.000  0.000  0.000 
    IR   122   122 6   122     3  -0.233  -2.810  -7.313                          0.000  0.000  0.000  0.000 
				[ MATL   28 ]
    ML   123   122 6   125     3 -12.689  -0.049  -4.901                          0.007 -0.968 -0.352  0.766 
     D   124   122 6   125     3 -10.266  -0.607  -1.544                         
    IL   125   125 3   125     3  -1.442  -0.798  -4.142                          0.000  0.000  0.000  0.000 
				[ MATL   29 ]
    ML   126   125 3   128     3 -12.705  -0.112  -3.751                          0.111 -0.170 -0.698  0.501 
     D   127   125 3   128     3 -10.008  -1.379  -0.702                         
    IL   128   128 3   128     3  -1.442  -0.798  -4.142                          0.000  0.000  0.000  0.000 
				[ MATL   30 ]
    ML   129   128 3   131     2       *   0.000                                  0.832 -0.724 -0.565 -0.091 
     D   130   128 3   131     2       *   0.000                                 
    IL   131   131 3   131     2  -1.823  -0.479                                  0.000  0.000  0.000  0.000 
				[ END    31 ]
     E   132   131 3    -1     0                                                 
//
